scratch/cropped_hokkaido.asc
ncols        1811
nrows        443
xllcorner    139.291666666667
yllcorner    41.591666666667
cellsize     0.004166666667
NODATA_value -32767
[rows 39 to 77 of 443, columns 88 to 175 of 1811]
-3174 -3173 -3173 -3169 -3171 -3169 -3170 -3177 -3183 -3187 -3186 -3170 -3159 -3146 -3146 -3145 -3141 -3121 -3120 -3125 -3128 -3125 -3120 -3116 -3015 -2963 -2913 -2865 -2853 -2863 -2954 -2956 -2951 -2914 -2914 -2874 -2803 -2744 -2637 -2502 -2502 -2425 -2312 -2242 -2151 -2076 -2076 -2043 -2003 -1987 -1972 -1944 -1944 -1854 -1727 -1610 -1496 -1359 -1359 -1294 -1261 -1254 -1232 -1178 -1178 -1161 -1137 -1122 -1100 -1075 -1075 -1038 -1013 -1004 -1006 -1006 -1006 -1002 -996 -992 -982 -973 -973 -946 -923 -900 -875 -848
-3184 -3181 -3174 -3170 -3181 -3181 -3177 -3182 -3187 -3190 -3190 -3181 -3165 -3155 -3158 -3149 -3138 -3130 -3138 -3142 -3143 -3140 -3132 -3120 -3004 -2959 -2952 -2942 -2954 -2954 -3034 -3031 -2997 -2958 -2958 -2883 -2792 -2711 -2618 -2527 -2527 -2454 -2372 -2304 -2216 -2117 -2117 -2082 -2059 -2053 -2040 -1980 -1980 -1867 -1761 -1658 -1570 -1433 -1433 -1353 -1304 -1268 -1218 -1138 -1138 -1127 -1110 -1103 -1095 -1076 -1076 -1043 -1018 -1009 -1010 -1010 -1010 -1009 -1006 -998 -988 -975 -976 -945 -915 -888 -867 -843
-3189 -3188 -3190 -3187 -3185 -3194 -3183 -3188 -3190 -3193 -3194 -3188 -3167 -3160 -3161 -3152 -3140 -3141 -3148 -3148 -3143 -3130 -3115 -3102 -3019 -3008 -3003 -3006 -3008 -3003 -3068 -3044 -2986 -2964 -2964 -2898 -2824 -2737 -2681 -2587 -2587 -2489 -2409 -2331 -2242 -2163 -2163 -2134 -2133 -2122 -2058 -1982 -1982 -1907 -1858 -1761 -1698 -1537 -1537 -1432 -1334 -1253 -1177 -1111 -1111 -1098 -1088 -1085 -1090 -1082 -1082 -1052 -1031 -1022 -1023 -1024 -1024 -1022 -1016 -1005 -986 -969 -976 -934 -909 -884 -857 -836
-3195 -3194 -3193 -3190 -3188 -3190 -3190 -3197 -3197 -3198 -3198 -3187 -3173 -3168 -3161 -3155 -3152 -3146 -3151 -3139 -3120 -3091 -3071 -3064 -3057 -3065 -3062 -3070 -3069 -3047 -3044 -2993 -2958 -2936 -2936 -2895 -2832 -2758 -2706 -2592 -2592 -2493 -2397 -2333 -2290 -2261 -2261 -2239 -2161 -2181 -2098 -2055 -2055 -2016 -1992 -1894 -1796 -1681 -1681 -1564 -1397 -1257 -1167 -1111 -1111 -1070 -1074 -1073 -1079 -1073 -1073 -1052 -1041 -1038 -1028 -1048 -1048 -1039 -1028 -1013 -994 -979 -979 -939 -917 -891 -863 -842
-3207 -3205 -3203 -3200 -3198 -3197 -3198 -3202 -3201 -3200 -3202 -3187 -3179 -3172 -3158 -3152 -3155 -3138 -3142 -3121 -3105 -3101 -3101 -3100 -3094 -3094 -3088 -3084 -3069 -3030 -3008 -2981 -2980 -2920 -2920 -2871 -2797 -2710 -2662 -2573 -2573 -2510 -2433 -2386 -2389 -2402 -2402 -2360 -2171 -2222 -2166 -2134 -2134 -2116 -2068 -1961 -1822 -1720 -1720 -1598 -1468 -1291 -1203 -1127 -1127 -1037 -1062 -1061 -1069 -1061 -1061 -1047 -1042 -1049 -1016 -1060 -1060 -1046 -1036 -1021 -1016 -988 -988 -950 -946 -897 -865 -844
-3219 -3215 -3213 -3210 -3208 -3206 -3205 -3203 -3199 -3193 -3195 -3181 -3178 -3169 -3161 -3153 -3155 -3138 -3138 -3133 -3126 -3120 -3117 -3114 -3108 -3103 -3097 -3087 -3055 -3016 -3007 -3040 -3040 -2923 -2923 -2879 -2807 -2722 -2674 -2610 -2610 -2547 -2470 -2414 -2426 -2438 -2438 -2393 -2336 -2247 -2120 -2144 -2144 -2114 -2066 -1969 -1826 -1712 -1712 -1585 -1449 -1288 -1200 -1122 -1122 -1079 -1057 -1055 -1065 -1059 -1059 -1047 -1042 -1049 -1060 -1061 -1061 -1049 -1039 -1024 -1043 -990 -990 -953 -990 -898 -867 -843
-3218 -3217 -3215 -3213 -3211 -3208 -3205 -3202 -3199 -3190 -3176 -3162 -3167 -3166 -3163 -3158 -3153 -3143 -3144 -3140 -3137 -3133 -3129 -3126 -3118 -3112 -3108 -3095 -3046 -3004 -3020 -3041 -3027 -2937 -2937 -2904 -2836 -2761 -2725 -2718 -2718 -2659 -2592 -2474 -2553 -2545 -2545 -2483 -2427 -2305 -2136 -2152 -2152 -2091 -2041 -1968 -1815 -1659 -1659 -1530 -1382 -1272 -1181 -1096 -1096 -1093 -1072 -1048 -1050 -1052 -1040 -1044 -1042 -1051 -1063 -1055 -1055 -1063 -1051 -1033 -1039 -998 -998 -960 -972 -899 -872 -847
-3213 -3213 -3210 -3210 -3209 -3208 -3204 -3200 -3196 -3195 -3186 -3165 -3151 -3166 -3164 -3162 -3158 -3150 -3149 -3143 -3139 -3135 -3131 -3127 -3117 -3110 -3102 -3086 -3027 -2998 -3074 -3048 -2995 -2948 -2948 -2907 -2851 -2797 -2784 -2750 -2750 -2713 -2675 -2499 -2628 -2557 -2557 -2471 -2441 -2278 -2177 -2101 -2101 -2052 -1966 -1883 -1776 -1547 -1547 -1451 -1324 -1249 -1217 -1062 -1062 -1121 -1116 -1055 -1036 -1044 -1012 -1038 -1040 -1054 -1076 -1049 -1049 -1087 -1068 -1043 -1029 -1001 -1001 -961 -925 -898 -880 -866
-3210 -3209 -3207 -3205 -3203 -3203 -3201 -3198 -3194 -3193 -3191 -3175 -3164 -3163 -3166 -3169 -3163 -3155 -3150 -3144 -3139 -3133 -3128 -3123 -3113 -3105 -3097 -3089 -3078 -3066 -3101 -3059 -3007 -2955 -2955 -2912 -2873 -2847 -2810 -2778 -2778 -2751 -2726 -2684 -2596 -2513 -2513 -2433 -2365 -2297 -2194 -2110 -2110 -2070 -1899 -1810 -1790 -1498 -1498 -1420 -1308 -1242 -1320 -1066 -1066 -1038 -1015 -1016 -1030 -1033 -1033 -1031 -1038 -1056 -1088 -1112 -1112 -1107 -1081 -1052 -1032 -1003 -1003 -963 -929 -910 -903 -896
-3210 -3208 -3207 -3202 -3199 -3196 -3195 -3193 -3191 -3190 -3188 -3183 -3178 -3176 -3168 -3167 -3160 -3152 -3147 -3140 -3133 -3128 -3122 -3116 -3107 -3102 -3097 -3091 -3086 -3077 -3110 -3068 -3021 -2978 -2978 -2938 -2931 -2903 -2833 -2804 -2804 -2752 -2715 -2637 -2534 -2482 -2482 -2437 -2408 -2367 -2269 -2176 -2176 -2043 -1918 -1831 -1707 -1605 -1605 -1492 -1350 -1248 -1163 -1089 -1089 -1064 -1041 -1031 -1034 -1030 -1030 -1027 -1035 -1059 -1098 -1127 -1127 -1118 -1088 -1064 -1040 -1011 -1011 -975 -950 -939 -922 -901
-3212 -3209 -3209 -3203 -3197 -3191 -3189 -3185 -3183 -3183 -3179 -3177 -3176 -3173 -3165 -3159 -3149 -3145 -3145 -3137 -3131 -3125 -3120 -3114 -3104 -3098 -3093 -3087 -3082 -3073 -3112 -3069 -3036 -3014 -3014 -2988 -2977 -2921 -2837 -2802 -2802 -2738 -2692 -2588 -2527 -2506 -2506 -2481 -2470 -2418 -2319 -2210 -2210 -2081 -1985 -1898 -1803 -1720 -1720 -1565 -1410 -1252 -1175 -1114 -1114 -1095 -1078 -1056 -1051 -1036 -1036 -1027 -1030 -1060 -1109 -1139 -1139 -1121 -1093 -1067 -1047 -1020 -1020 -988 -975 -954 -913 -881
-3215 -3210 -3210 -3203 -3196 -3190 -3187 -3182 -3179 -3178 -3175 -3173 -3171 -3167 -3163 -3155 -3145 -3137 -3142 -3137 -3131 -3125 -3118 -3112 -3099 -3094 -3088 -3083 -3077 -3071 -3109 -3074 -3048 -3027 -3027 -2999 -2981 -2920 -2839 -2795 -2795 -2732 -2691 -2601 -2551 -2528 -2528 -2496 -2472 -2416 -2317 -2212 -2212 -2091 -1994 -1909 -1812 -1723 -1723 -1569 -1412 -1260 -1188 -1132 -1132 -1114 -1097 -1071 -1069 -1039 -1039 -1028 -1031 -1061 -1114 -1142 -1142 -1122 -1094 -1070 -1051 -1028 -1028 -997 -973 -946 -899 -861
-3216 -3211 -3209 -3204 -3197 -3190 -3186 -3181 -3177 -3177 -3175 -3172 -3168 -3162 -3159 -3154 -3147 -3143 -3138 -3134 -3128 -3124 -3117 -3110 -3097 -3091 -3085 -3080 -3073 -3068 -3102 -3090 -3083 -3064 -3064 -3031 -2995 -2910 -2843 -2782 -2782 -2730 -2701 -2652 -2629 -2589 -2589 -2531 -2469 -2408 -2311 -2216 -2216 -2121 -2014 -1924 -1818 -1710 -1710 -1552 -1407 -1305 -1252 -1206 -1206 -1184 -1162 -1135 -1123 -1056 -1056 -1036 -1039 -1069 -1128 -1156 -1156 -1132 -1105 -1087 -1072 -1054 -1054 -1019 -966 -919 -861 -807
-3218 -3213 -3208 -3204 -3199 -3192 -3188 -3182 -3179 -3179 -3177 -3174 -3169 -3163 -3159 -3152 -3146 -3141 -3134 -3129 -3126 -3121 -3115 -3109 -3095 -3089 -3082 -3074 -3068 -3063 -3101 -3090 -3087 -3069 -3069 -3040 -3001 -2909 -2855 -2808 -2808 -2778 -2745 -2705 -2661 -2590 -2590 -2523 -2462 -2420 -2329 -2226 -2226 -2123 -1979 -1844 -1722 -1616 -1616 -1469 -1402 -1394 -1351 -1299 -1299 -1261 -1234 -1217 -1161 -1096 -1096 -1064 -1062 -1091 -1136 -1170 -1170 -1153 -1136 -1115 -1095 -1060 -1060 -1013 -960 -910 -868 -809
-3219 -3214 -3209 -3205 -3201 -3196 -3191 -3187 -3185 -3184 -3181 -3177 -3171 -3165 -3158 -3151 -3145 -3140 -3136 -3136 -3124 -3117 -3113 -3107 -3094 -3088 -3082 -3074 -3067 -3061 -3094 -3075 -3072 -3065 -3065 -3050 -3025 -2966 -2914 -2861 -2861 -2817 -2776 -2719 -2661 -2600 -2600 -2566 -2529 -2465 -2375 -2249 -2249 -2108 -1904 -1715 -1582 -1514 -1514 -1455 -1468 -1492 -1437 -1386 -1386 -1352 -1329 -1287 -1215 -1169 -1169 -1120 -1110 -1128 -1166 -1184 -1184 -1167 -1150 -1129 -1095 -1040 -1040 -995 -956 -920 -883 -827
-3219 -3214 -3211 -3207 -3204 -3202 -3199 -3196 -3192 -3190 -3186 -3180 -3174 -3167 -3159 -3153 -3146 -3139 -3130 -3125 -3116 -3116 -3113 -3101 -3086 -3086 -3080 -3072 -3066 -3060 -3086 -3073 -3066 -3059 -3059 -3052 -3047 -3018 -2961 -2911 -2911 -2849 -2797 -2731 -2697 -2665 -2665 -2603 -2544 -2425 -2346 -2213 -2213 -2070 -1856 -1713 -1614 -1561 -1561 -1552 -1568 -1589 -1529 -1483 -1483 -1436 -1374 -1329 -1269 -1228 -1228 -1193 -1180 -1192 -1205 -1181 -1181 -1162 -1145 -1129 -1089 -1017 -1017 -965 -927 -898 -871 -814
-3219 -3217 -3214 -3210 -3210 -3209 -3206 -3202 -3197 -3194 -3189 -3182 -3175 -3168 -3161 -3154 -3147 -3139 -3130 -3126 -3119 -3114 -3102 -3084 -3073 -3080 -3076 -3067 -3061 -3055 -3087 -3075 -3061 -3050 -3050 -3045 -3046 -3027 -2975 -2925 -2925 -2875 -2809 -2758 -2733 -2683 -2683 -2593 -2513 -2369 -2304 -2187 -2187 -2064 -1905 -1801 -1701 -1637 -1637 -1640 -1642 -1650 -1616 -1530 -1530 -1459 -1393 -1362 -1327 -1281 -1281 -1246 -1233 -1256 -1201 -1152 -1152 -1137 -1131 -1133 -1092 -1008 -1008 -949 -894 -862 -839 -798
-3223 -3225 -3219 -3217 -3219 -3220 -3215 -3208 -3201 -3198 -3192 -3184 -3176 -3170 -3163 -3155 -3148 -3142 -3136 -3133 -3128 -3124 -3115 -3104 -3087 -3073 -3075 -3069 -3072 -3065 -3086 -3076 -3062 -3052 -3052 -3046 -3037 -3025 -2983 -2938 -2938 -2887 -2822 -2764 -2727 -2672 -2672 -2587 -2509 -2364 -2299 -2188 -2188 -2075 -1952 -1852 -1730 -1670 -1670 -1664 -1666 -1671 -1627 -1550 -1550 -1477 -1410 -1380 -1353 -1316 -1316 -1281 -1257 -1263 -1182 -1128 -1128 -1115 -1115 -1124 -1090 -1010 -1010 -949 -891 -853 -824 -780
-3229 -3230 -3224 -3225 -3229 -3226 -3218 -3210 -3203 -3200 -3193 -3186 -3178 -3172 -3165 -3159 -3155 -3150 -3144 -3141 -3136 -3129 -3118 -3106 -3098 -3083 -3074 -3069 -3089 -3080 -3089 -3079 -3066 -3058 -3058 -3046 -3020 -3014 -3002 -2977 -2977 -2926 -2874 -2800 -2720 -2649 -2649 -2574 -2496 -2343 -2280 -2192 -2192 -2119 -2102 -2019 -1844 -1789 -1789 -1750 -1752 -1741 -1675 -1625 -1625 -1553 -1494 -1455 -1449 -1438 -1438 -1404 -1336 -1274 -1116 -1035 -1035 -1028 -1048 -1078 -1081 -1017 -1017 -954 -890 -830 -783 -730
-3237 -3234 -3231 -3236 -3238 -3228 -3220 -3212 -3206 -3203 -3193 -3186 -3181 -3177 -3172 -3169 -3166 -3161 -3151 -3147 -3140 -3131 -3122 -3111 -3102 -3094 -3084 -3069 -3057 -3047 -3085 -3071 -3064 -3056 -3056 -3039 -3046 -2999 -2998 -2983 -2983 -2941 -2917 -2859 -2773 -2690 -2690 -2596 -2502 -2337 -2275 -2203 -2203 -2169 -2185 -2129 -1980 -1901 -1901 -1828 -1817 -1796 -1749 -1714 -1714 -1660 -1621 -1552 -1530 -1515 -1515 -1475 -1374 -1234 -1055 -945 -945 -917 -958 -1003 -1051 -1012 -1012 -958 -900 -838 -781 -726
-3242 -3238 -3237 -3245 -3242 -3229 -3221 -3213 -3208 -3204 -3195 -3188 -3185 -3183 -3181 -3177 -3170 -3162 -3153 -3149 -3142 -3134 -3125 -3114 -3104 -3095 -3084 -3076 -3059 -3049 -3042 -3055 -3051 -3052 -3015 -3045 -3051 -3018 -3002 -2963 -2963 -2927 -2885 -2887 -2846 -2765 -2765 -2674 -2561 -2392 -2329 -2253 -2220 -2234 -2259 -2226 -2102 -1998 -1998 -1899 -1845 -1842 -1850 -1812 -1812 -1756 -1705 -1631 -1562 -1510 -1510 -1452 -1343 -1168 -990 -902 -902 -828 -874 -939 -998 -964 -964 -917 -868 -813 -751 -720
-3245 -3242 -3243 -3252 -3243 -3230 -3223 -3217 -3210 -3206 -3199 -3193 -3190 -3189 -3185 -3178 -3169 -3161 -3154 -3151 -3144 -3135 -3125 -3115 -3104 -3094 -3083 -3075 -3070 -3051 -3038 -3026 -3022 -3047 -2943 -3029 -3017 -3022 -2993 -2943 -2943 -2907 -2780 -2859 -2871 -2830 -2830 -2795 -2663 -2490 -2420 -2341 -2251 -2267 -2341 -2304 -2165 -2043 -2043 -1953 -1853 -1845 -1900 -1850 -1851 -1786 -1710 -1633 -1536 -1481 -1481 -1405 -1284 -1122 -948 -874 -874 -846 -823 -881 -930 -897 -897 -850 -788 -747 -692 -688
-3251 -3249 -3251 -3255 -3242 -3233 -3227 -3220 -3213 -3210 -3205 -3200 -3195 -3191 -3187 -3180 -3172 -3163 -3156 -3153 -3145 -3136 -3126 -3115 -3103 -3094 -3083 -3074 -3069 -3049 -3041 -3022 -3006 -3011 -3001 -2932 -2928 -2980 -2975 -2931 -2931 -2896 -2806 -2807 -2874 -2857 -2857 -2843 -2738 -2561 -2487 -2415 -2415 -2244 -2391 -2324 -2181 -2066 -2066 -1989 -1940 -1912 -1896 -1822 -1826 -1764 -1677 -1583 -1496 -1449 -1449 -1388 -1303 -1160 -948 -867 -867 -840 -832 -830 -881 -852 -852 -806 -768 -713 -680 -661
-3261 -3259 -3264 -3259 -3244 -3239 -3233 -3225 -3219 -3217 -3214 -3209 -3203 -3196 -3190 -3184 -3177 -3167 -3159 -3155 -3147 -3138 -3128 -3117 -3105 -3095 -3086 -3075 -3072 -3062 -3051 -3023 -2998 -2988 -2983 -2957 -2949 -2930 -2971 -2930 -2930 -2893 -2870 -2870 -2868 -2856 -2856 -2843 -2756 -2585 -2509 -2434 -2434 -2400 -2393 -2328 -2181 -2062 -2062 -1992 -1947 -1920 -1896 -1821 -1821 -1750 -1670 -1578 -1492 -1438 -1438 -1372 -1292 -1153 -939 -859 -859 -831 -824 -842 -860 -832 -832 -790 -755 -706 -676 -662
-3266 -3267 -3268 -3258 -3247 -3242 -3235 -3231 -3227 -3225 -3220 -3215 -3208 -3201 -3195 -3188 -3181 -3172 -3164 -3160 -3153 -3143 -3131 -3120 -3108 -3099 -3093 -3084 -3079 -3065 -3050 -3032 -2996 -2980 -2961 -2938 -2940 -2929 -2943 -2922 -2922 -2880 -2851 -2840 -2840 -2840 -2840 -2837 -2809 -2672 -2577 -2487 -2487 -2432 -2392 -2326 -2174 -2052 -2052 -1995 -1961 -1937 -1888 -1810 -1810 -1724 -1664 -1570 -1485 -1417 -1417 -1344 -1260 -1117 -897 -832 -832 -803 -796 -791 -790 -769 -769 -738 -712 -682 -666 -665
-3272 -3273 -3270 -3258 -3250 -3248 -3243 -3241 -3236 -3233 -3225 -3220 -3214 -3206 -3197 -3191 -3187 -3181 -3172 -3168 -3159 -3148 -3137 -3124 -3112 -3106 -3101 -3090 -3083 -3066 -3047 -3026 -3004 -2984 -2956 -2932 -2915 -2920 -2893 -2888 -2904 -2857 -2838 -2813 -2799 -2801 -2801 -2811 -2813 -2744 -2617 -2500 -2500 -2432 -2369 -2281 -2164 -2061 -2061 -1974 -1947 -1901 -1838 -1788 -1788 -1743 -1690 -1585 -1491 -1443 -1443 -1378 -1252 -1060 -854 -814 -814 -788 -772 -754 -741 -729 -729 -705 -681 -665 -663 -668
-3281 -3273 -3272 -3262 -3256 -3255 -3251 -3246 -3238 -3235 -3230 -3223 -3216 -3209 -3202 -3197 -3195 -3188 -3174 -3167 -3154 -3141 -3132 -3123 -3112 -3107 -3101 -3088 -3080 -3064 -3046 -3025 -3002 -2982 -2960 -2930 -2907 -2895 -2873 -2830 -2865 -2841 -2816 -2792 -2714 -2767 -2767 -2761 -2772 -2763 -2681 -2566 -2566 -2355 -2363 -2247 -2168 -2070 -2070 -1951 -1925 -1841 -1739 -1672 -1672 -1656 -1637 -1557 -1469 -1435 -1435 -1281 -1242 -1051 -888 -838 -838 -799 -763 -726 -653 -679 -679 -662 -648 -637 -652 -666
-3281 -3283 -3278 -3269 -3263 -3262 -3257 -3250 -3244 -3241 -3235 -3228 -3222 -3216 -3212 -3208 -3207 -3196 -3168 -3152 -3126 -3112 -3110 -3112 -3109 -3103 -3093 -3077 -3067 -3048 -3031 -3013 -2994 -2974 -2952 -2930 -2892 -2861 -2820 -2791 -2779 -2818 -2796 -2771 -2540 -2738 -2738 -2716 -2717 -2735 -2726 -2656 -2656 -2120 -2378 -2228 -2149 -2029 -2029 -1933 -1913 -1826 -1692 -1593 -1593 -1537 -1517 -1460 -1391 -1357 -1357 -1060 -1243 -1076 -937 -883 -883 -813 -767 -699 -511 -608 -606 -597 -592 -591 -619 -643
-3288 -3289 -3284 -3275 -3269 -3269 -3262 -3256 -3250 -3248 -3242 -3236 -3232 -3227 -3223 -3221 -3223 -3210 -3162 -3132 -3089 -3078 -3087 -3095 -3099 -3092 -3081 -3064 -3051 -3027 -3008 -2990 -2973 -2957 -2938 -2913 -2884 -2840 -2799 -2771 -2779 -2801 -2774 -2761 -2595 -2669 -2717 -2679 -2671 -2706 -2721 -2686 -2686 -2251 -2318 -2215 -2130 -2008 -2008 -1927 -1914 -1843 -1697 -1577 -1577 -1473 -1431 -1355 -1294 -1258 -1258 -1100 -1145 -1059 -945 -890 -890 -807 -753 -646 -525 -529 -514 -545 -543 -553 -580 -603
-3296 -3287 -3282 -3279 -3275 -3270 -3266 -3263 -3256 -3256 -3251 -3245 -3238 -3233 -3230 -3232 -3233 -3212 -3161 -3133 -3095 -3092 -3089 -3073 -3074 -3074 -3065 -3052 -3042 -3023 -3002 -2981 -2962 -2944 -2927 -2907 -2885 -2848 -2825 -2804 -2778 -2762 -2748 -2747 -2737 -2582 -2669 -2641 -2656 -2696 -2713 -2688 -2556 -2623 -2215 -2214 -2126 -2006 -2006 -1935 -1920 -1845 -1706 -1576 -1576 -1465 -1415 -1342 -1279 -1240 -1240 -1185 -1062 -1043 -940 -888 -888 -800 -732 -625 -541 -484 -491 -526 -525 -536 -563 -584
-3305 -3300 -3264 -3291 -3284 -3275 -3271 -3270 -3267 -3267 -3260 -3251 -3244 -3241 -3239 -3241 -3233 -3201 -3161 -3145 -3129 -3125 -3087 -3048 -3045 -3047 -3042 -3033 -3027 -3013 -2996 -2977 -2959 -2940 -2922 -2905 -2885 -2861 -2848 -2827 -2782 -2753 -2728 -2710 -2714 -2680 -2579 -2565 -2600 -2656 -2684 -2691 -2336 -2675 -2499 -2225 -2124 -2011 -2011 -1969 -1955 -1857 -1737 -1579 -1579 -1457 -1381 -1319 -1254 -1199 -1199 -1138 -1077 -1010 -950 -900 -900 -811 -693 -580 -483 -411 -484 -454 -453 -463 -492 -510
-3373 -3368 -3267 -3321 -3290 -3284 -3279 -3274 -3272 -3274 -3265 -3257 -3251 -3248 -3245 -3244 -3228 -3199 -3175 -3164 -3143 -3120 -3073 -3054 -3036 -3026 -3022 -3020 -3019 -3013 -2997 -2981 -2965 -2946 -2928 -2909 -2884 -2853 -2837 -2810 -2783 -2746 -2713 -2693 -2670 -2639 -2681 -2630 -2549 -2598 -2644 -2676 -2676 -2679 -2580 -2316 -2189 -2065 -2065 -2025 -2005 -1871 -1746 -1549 -1600 -1505 -1431 -1381 -1309 -1236 -1236 -1186 -1122 -1061 -1032 -971 -971 -900 -756 -601 -485 -411 -411 -387 -377 -376 -403 -421
-3373 -3369 -3368 -3363 -3299 -3265 -3274 -3281 -3276 -3275 -3270 -3264 -3259 -3254 -3248 -3246 -3233 -3208 -3183 -3170 -3138 -3108 -3071 -3059 -3031 -3011 -3007 -3012 -3015 -3011 -2995 -2983 -2974 -2954 -2932 -2908 -2878 -2843 -2826 -2795 -2756 -2700 -2664 -2645 -2632 -2620 -2651 -2615 -2521 -2527 -2588 -2640 -2640 -2662 -2591 -2467 -2315 -2171 -2171 -2082 -2019 -1882 -1748 -1440 -1649 -1573 -1516 -1442 -1349 -1279 -1279 -1229 -1188 -1120 -1083 -1020 -1020 -934 -784 -602 -483 -417 -411 -357 -337 -329 -342 -349
-3370 -3367 -3368 -3363 -3363 -3268 -3258 -3277 -3278 -3276 -3276 -3273 -3267 -3260 -3253 -3249 -3237 -3213 -3185 -3170 -3134 -3107 -3079 -3061 -3026 -3000 -2990 -2991 -2993 -2986 -2975 -2975 -2976 -2949 -2918 -2883 -2844 -2804 -2784 -2748 -2708 -2667 -2637 -2609 -2591 -2588 -2568 -2563 -2521 -2470 -2506 -2569 -2569 -2623 -2579 -2520 -2406 -2275 -2275 -2114 -2017 -1910 -1785 -1523 -1714 -1630 -1543 -1449 -1372 -1332 -1332 -1270 -1221 -1149 -1096 -1032 -1032 -927 -787 -614 -490 -450 -404 -358 -322 -312 -308 -303
-3369 -3367 -3367 -3363 -3363 -3359 -3284 -3288 -3275 -3281 -3281 -3281 -3274 -3267 -3259 -3249 -3233 -3211 -3184 -3169 -3134 -3110 -3084 -3061 -3029 -3003 -2987 -2977 -2973 -2960 -2949 -2946 -2944 -2915 -2880 -2847 -2810 -2770 -2751 -2715 -2683 -2656 -2634 -2612 -2590 -2571 -2538 -2495 -2490 -2471 -2437 -2497 -2497 -2571 -2567 -2523 -2428 -2321 -2321 -2133 -1994 -1917 -1811 -1745 -1745 -1682 -1598 -1505 -1426 -1379 -1379 -1290 -1228 -1159 -1117 -1056 -1056 -945 -769 -564 -485 -482 -383 -353 -325 -315 -298 -288
-3368 -3367 -3367 -3363 -3363 -3359 -3357 -3355 -3300 -3276 -3278 -3282 -3277 -3270 -3263 -3247 -3225 -3203 -3178 -3164 -3135 -3110 -3087 -3069 -3044 -3020 -2999 -2979 -2970 -2952 -2935 -2920 -2906 -2885 -2861 -2836 -2803 -2762 -2743 -2713 -2695 -2683 -2668 -2649 -2628 -2619 -2559 -2484 -2411 -2408 -2399 -2456 -2456 -2534 -2561 -2518 -2431 -2333 -2333 -2067 -1983 -1910 -1822 -1757 -1757 -1697 -1619 -1506 -1424 -1336 -1368 -1280 -1222 -1158 -1116 -1055 -1055 -948 -762 -612 -582 -465 -408 -367 -336 -319 -296 -283
-3368 -3366 -3365 -3362 -3362 -3358 -3356 -3355 -3351 -3289 -3274 -3278 -3273 -3262 -3261 -3247 -3228 -3206 -3177 -3161 -3130 -3105 -3086 -3068 -3047 -3023 -2999 -2978 -2969 -2951 -2931 -2911 -2893 -2875 -2856 -2835 -2806 -2773 -2759 -2741 -2731 -2718 -2701 -2677 -2646 -2617 -2589 -2501 -2327 -2213 -2288 -2266 -2309 -2408 -2530 -2502 -2437 -2371 -2371 -2004 -1986 -1896 -1832 -1772 -1772 -1717 -1642 -1494 -1407 -1241 -1328 -1241 -1187 -1137 -1101 -1047 -1047 -958 -739 -739 -680 -514 -480 -410 -364 -325 -280 -269
-3366 -3365 -3329 -3328 -3359 -3357 -3354 -3353 -3349 -3338 -3292 -3287 -3261 -3259 -3256 -3243 -3227 -3211 -3182 -3165 -3128 -3096 -3072 -3052 -3033 -3009 -2985 -2967 -2958 -2941 -2923 -2903 -2885 -2869 -2853 -2836 -2818 -2797 -2787 -2770 -2750 -2728 -2704 -2674 -2638 -2608 -2578 -2557 -2277 -2141 -2217 -2072 -2177 -2269 -2461 -2485 -2445 -2402 -2402 -2335 -2126 -1958 -1826 -1739 -1739 -1669 -1551 -1450 -1388 -1305 -1305 -1226 -1138 -1082 -1065 -1030 -1030 -964 -732 -732 -600 -583 -492 -418 -363 -294 -254 -257
-3361 -3360 -3240 -3240 -3356 -3353 -3349 -3345 -3342 -3323 -3323 -3324 -3243 -3260 -3255 -3243 -3225 -3212 -3192 -3171 -3134 -3109 -3072 -3043 -3019 -2996 -2975 -2954 -2945 -2930 -2915 -2896 -2878 -2863 -2847 -2833 -2819 -2801 -2791 -2771 -2748 -2724 -2694 -2657 -2616 -2587 -2560 -2539 -2308 -2157 -2071 -2110 -2101 -2091 -2313 -2421 -2450 -2448 -2448 -2413 -2308 -2145 -1993 -1820 -1820 -1739 -1539 -1448 -1411 -1339 -1339 -1283 -1167 -1073 -1054 -1016 -1016 -969 -779 -746 -569 -490 -490 -425 -381 -254 -248 -249
