scratch/cropped_hokkaido.asc
ncols        1811
nrows        443
xllcorner    139.291666666667
yllcorner    41.591666666667
cellsize     0.004166666667
NODATA_value -32767
[rows 273 to 311 of 443, columns 1232 to 1319 of 1811]
-1516 -1520 -1527 -1536 -1547 -1561 -1571 -1578 -1588 -1589 -1588 -1587 -1589 -1596 -1605 -1612 -1616 -1618 -1620 -1622 -1624 -1630 -1634 -1634 -1635 -1640 -1646 -1650 -1650 -1653 -1656 -1663 -1671 -1678 -1686 -1696 -1697 -1700 -1705 -1708 -1712 -1716 -1718 -1719 -1721 -1725 -1728 -1734 -1742 -1747 -1760 -1760 -1758 -1760 -1761 -1765 -1773 -1783 -1793 -1798 -1809 -1818 -1830 -1844 -1863 -1881 -1895 -1895 -1913 -1913 -1935 -1935 -1954 -1954 -1966 -1976 -1979 -1976 -1975 -1976 -1977 -1982 -1986 -1993 -2007 -2024 -2032 -2034
-1519 -1523 -1530 -1536 -1542 -1552 -1564 -1575 -1589 -1592 -1591 -1591 -1594 -1598 -1605 -1612 -1616 -1619 -1621 -1624 -1626 -1629 -1632 -1632 -1632 -1637 -1646 -1655 -1657 -1660 -1662 -1669 -1677 -1684 -1692 -1701 -1703 -1705 -1708 -1710 -1714 -1717 -1720 -1721 -1722 -1725 -1727 -1731 -1739 -1745 -1760 -1759 -1756 -1762 -1766 -1772 -1779 -1788 -1795 -1799 -1808 -1817 -1827 -1838 -1852 -1875 -1893 -1899 -1916 -1920 -1939 -1945 -1967 -1959 -1965 -1977 -1991 -1990 -1988 -1988 -1989 -1993 -1997 -2004 -2016 -2031 -2040 -2043
-1524 -1527 -1533 -1538 -1542 -1547 -1555 -1568 -1586 -1592 -1591 -1594 -1597 -1601 -1607 -1612 -1615 -1618 -1622 -1626 -1628 -1630 -1630 -1628 -1628 -1632 -1641 -1655 -1665 -1669 -1670 -1677 -1685 -1692 -1699 -1705 -1705 -1707 -1709 -1711 -1714 -1718 -1722 -1723 -1726 -1727 -1728 -1730 -1736 -1743 -1763 -1759 -1754 -1762 -1770 -1778 -1786 -1794 -1800 -1804 -1812 -1820 -1827 -1836 -1847 -1861 -1887 -1912 -1922 -1937 -1950 -1973 -2002 -1971 -1967 -1978 -2004 -2005 -2003 -2000 -2001 -2004 -2009 -2017 -2028 -2040 -2050 -2053
-1526 -1529 -1534 -1539 -1543 -1548 -1555 -1567 -1581 -1588 -1589 -1593 -1597 -1601 -1608 -1614 -1616 -1619 -1623 -1628 -1630 -1633 -1633 -1630 -1628 -1632 -1641 -1655 -1669 -1675 -1677 -1682 -1689 -1695 -1701 -1706 -1706 -1707 -1710 -1711 -1714 -1718 -1722 -1724 -1728 -1729 -1731 -1732 -1737 -1742 -1758 -1755 -1753 -1759 -1765 -1775 -1785 -1795 -1804 -1808 -1817 -1825 -1832 -1839 -1848 -1862 -1887 -1911 -1920 -1934 -1947 -1971 -1999 -1974 -1970 -1980 -2005 -2012 -2011 -2009 -2009 -2012 -2017 -2024 -2036 -2047 -2057 -2060
-1527 -1530 -1534 -1539 -1543 -1549 -1557 -1568 -1581 -1587 -1588 -1592 -1597 -1603 -1610 -1617 -1620 -1623 -1626 -1632 -1636 -1639 -1640 -1637 -1635 -1642 -1652 -1662 -1672 -1679 -1682 -1686 -1691 -1696 -1702 -1708 -1708 -1708 -1711 -1712 -1715 -1718 -1722 -1726 -1730 -1733 -1734 -1735 -1739 -1744 -1755 -1755 -1755 -1759 -1765 -1773 -1783 -1795 -1805 -1810 -1820 -1828 -1836 -1844 -1854 -1869 -1889 -1908 -1916 -1929 -1941 -1959 -1976 -1973 -1972 -1982 -2002 -2016 -2016 -2017 -2020 -2024 -2028 -2033 -2044 -2055 -2064 -2067
-1527 -1529 -1533 -1536 -1540 -1547 -1556 -1567 -1580 -1584 -1585 -1589 -1596 -1604 -1610 -1617 -1623 -1627 -1630 -1637 -1641 -1647 -1650 -1647 -1647 -1655 -1665 -1672 -1677 -1682 -1685 -1688 -1692 -1697 -1704 -1710 -1709 -1709 -1711 -1713 -1716 -1719 -1723 -1727 -1732 -1737 -1738 -1738 -1742 -1747 -1760 -1761 -1760 -1764 -1769 -1775 -1785 -1796 -1805 -1811 -1820 -1828 -1833 -1846 -1858 -1873 -1890 -1905 -1913 -1925 -1937 -1951 -1968 -1978 -1978 -1987 -2002 -2020 -2019 -2021 -2028 -2035 -2040 -2045 -2053 -2062 -2070 -2074
-1528 -1530 -1533 -1537 -1541 -1543 -1549 -1559 -1570 -1575 -1577 -1582 -1591 -1599 -1607 -1613 -1620 -1626 -1631 -1639 -1644 -1652 -1656 -1656 -1657 -1662 -1669 -1676 -1680 -1683 -1686 -1689 -1693 -1698 -1704 -1710 -1709 -1710 -1713 -1714 -1716 -1719 -1723 -1725 -1732 -1739 -1744 -1746 -1749 -1753 -1764 -1764 -1763 -1767 -1775 -1782 -1791 -1802 -1810 -1813 -1820 -1825 -1829 -1837 -1849 -1864 -1881 -1898 -1906 -1920 -1934 -1950 -1969 -1983 -1986 -1992 -2007 -2024 -2026 -2027 -2033 -2041 -2049 -2056 -2062 -2069 -2075 -2079
-1527 -1530 -1534 -1540 -1545 -1546 -1547 -1553 -1563 -1568 -1570 -1574 -1582 -1592 -1601 -1606 -1610 -1616 -1624 -1635 -1642 -1653 -1661 -1663 -1664 -1667 -1671 -1677 -1681 -1684 -1686 -1689 -1693 -1697 -1702 -1709 -1711 -1712 -1715 -1716 -1718 -1719 -1722 -1724 -1728 -1739 -1750 -1756 -1761 -1764 -1771 -1772 -1770 -1776 -1784 -1791 -1800 -1809 -1816 -1818 -1823 -1828 -1832 -1834 -1845 -1858 -1875 -1890 -1897 -1911 -1925 -1944 -1967 -1986 -1995 -1997 -2010 -2025 -2030 -2036 -2042 -2048 -2055 -2064 -2072 -2077 -2083 -2085
-1521 -1526 -1531 -1537 -1545 -1549 -1552 -1558 -1565 -1569 -1569 -1571 -1577 -1585 -1593 -1596 -1597 -1601 -1608 -1622 -1630 -1648 -1660 -1664 -1665 -1668 -1672 -1677 -1681 -1684 -1686 -1690 -1693 -1696 -1701 -1709 -1712 -1715 -1717 -1718 -1720 -1721 -1723 -1724 -1728 -1737 -1748 -1759 -1766 -1771 -1778 -1775 -1776 -1784 -1791 -1798 -1806 -1814 -1820 -1822 -1825 -1832 -1837 -1839 -1848 -1862 -1879 -1892 -1898 -1910 -1925 -1943 -1964 -1984 -1997 -2005 -2016 -2030 -2036 -2043 -2048 -2052 -2058 -2065 -2074 -2082 -2089 -2092
-1514 -1521 -1529 -1531 -1539 -1546 -1553 -1561 -1568 -1571 -1571 -1571 -1576 -1579 -1584 -1585 -1587 -1592 -1600 -1613 -1622 -1643 -1659 -1664 -1666 -1669 -1673 -1678 -1681 -1683 -1685 -1689 -1691 -1695 -1701 -1710 -1713 -1716 -1719 -1721 -1723 -1724 -1725 -1726 -1729 -1737 -1748 -1761 -1770 -1776 -1790 -1784 -1785 -1792 -1799 -1805 -1811 -1819 -1825 -1827 -1829 -1835 -1839 -1844 -1854 -1867 -1884 -1897 -1902 -1911 -1924 -1939 -1956 -1979 -1997 -2008 -2016 -2032 -2042 -2051 -2052 -2055 -2061 -2070 -2076 -2085 -2095 -2099
-1512 -1518 -1525 -1525 -1531 -1541 -1549 -1560 -1571 -1575 -1574 -1575 -1578 -1579 -1580 -1580 -1583 -1589 -1599 -1611 -1619 -1638 -1656 -1663 -1667 -1671 -1675 -1680 -1683 -1685 -1686 -1689 -1691 -1695 -1701 -1711 -1714 -1717 -1721 -1723 -1726 -1727 -1728 -1728 -1731 -1739 -1750 -1763 -1774 -1782 -1799 -1793 -1791 -1797 -1804 -1810 -1816 -1824 -1830 -1832 -1835 -1837 -1842 -1848 -1858 -1871 -1888 -1901 -1906 -1913 -1923 -1935 -1950 -1971 -1992 -2006 -2015 -2031 -2043 -2055 -2053 -2056 -2065 -2075 -2081 -2088 -2098 -2102
-1512 -1516 -1522 -1522 -1527 -1536 -1543 -1553 -1565 -1571 -1573 -1574 -1578 -1581 -1583 -1582 -1582 -1586 -1597 -1608 -1616 -1632 -1647 -1658 -1666 -1672 -1677 -1682 -1685 -1687 -1689 -1691 -1694 -1697 -1703 -1710 -1712 -1716 -1723 -1726 -1731 -1732 -1733 -1735 -1738 -1744 -1755 -1767 -1779 -1787 -1805 -1802 -1800 -1803 -1810 -1815 -1821 -1829 -1836 -1838 -1842 -1843 -1848 -1856 -1865 -1876 -1892 -1906 -1911 -1918 -1926 -1937 -1950 -1965 -1985 -2004 -2017 -2028 -2039 -2061 -2064 -2062 -2068 -2077 -2086 -2092 -2101 -2106
-1514 -1518 -1522 -1525 -1528 -1534 -1539 -1546 -1557 -1563 -1565 -1569 -1575 -1582 -1589 -1592 -1588 -1586 -1593 -1606 -1612 -1627 -1642 -1653 -1661 -1671 -1678 -1683 -1687 -1692 -1694 -1697 -1696 -1699 -1705 -1711 -1710 -1713 -1722 -1727 -1737 -1740 -1742 -1744 -1749 -1753 -1762 -1771 -1782 -1791 -1810 -1808 -1806 -1809 -1816 -1822 -1829 -1835 -1841 -1846 -1850 -1851 -1855 -1861 -1870 -1882 -1900 -1912 -1916 -1924 -1932 -1941 -1953 -1965 -1981 -2001 -2016 -2020 -2028 -2064 -2081 -2079 -2079 -2083 -2089 -2097 -2106 -2111
-1515 -1519 -1524 -1527 -1530 -1535 -1540 -1546 -1556 -1561 -1562 -1566 -1572 -1579 -1587 -1594 -1594 -1590 -1594 -1604 -1609 -1624 -1639 -1648 -1657 -1668 -1676 -1684 -1689 -1694 -1696 -1703 -1702 -1704 -1710 -1714 -1711 -1712 -1719 -1725 -1739 -1746 -1749 -1753 -1758 -1763 -1769 -1777 -1787 -1795 -1817 -1817 -1814 -1815 -1820 -1827 -1834 -1841 -1847 -1852 -1856 -1857 -1860 -1865 -1871 -1882 -1904 -1918 -1921 -1929 -1937 -1944 -1953 -1965 -1979 -1995 -2013 -2019 -2022 -2057 -2081 -2085 -2087 -2091 -2096 -2104 -2111 -2116
-1517 -1520 -1525 -1529 -1533 -1538 -1542 -1548 -1557 -1560 -1559 -1561 -1565 -1571 -1579 -1588 -1598 -1601 -1600 -1604 -1608 -1621 -1633 -1639 -1647 -1658 -1670 -1682 -1690 -1695 -1698 -1707 -1711 -1712 -1719 -1723 -1716 -1714 -1719 -1724 -1736 -1748 -1757 -1761 -1766 -1772 -1777 -1784 -1792 -1801 -1826 -1827 -1825 -1824 -1827 -1832 -1838 -1848 -1854 -1857 -1864 -1867 -1867 -1869 -1877 -1892 -1912 -1925 -1929 -1936 -1942 -1948 -1957 -1968 -1979 -1994 -2009 -2020 -2023 -2044 -2070 -2078 -2084 -2093 -2102 -2113 -2124 -2128
-1519 -1522 -1527 -1532 -1535 -1540 -1544 -1550 -1558 -1559 -1558 -1560 -1563 -1569 -1576 -1584 -1597 -1606 -1606 -1606 -1610 -1620 -1628 -1633 -1641 -1653 -1666 -1680 -1688 -1694 -1698 -1707 -1716 -1719 -1726 -1729 -1721 -1720 -1725 -1729 -1738 -1750 -1759 -1765 -1770 -1776 -1781 -1789 -1797 -1805 -1832 -1830 -1830 -1830 -1831 -1834 -1840 -1849 -1858 -1862 -1869 -1876 -1876 -1879 -1890 -1906 -1919 -1930 -1934 -1941 -1948 -1953 -1961 -1972 -1982 -1996 -2008 -2024 -2032 -2043 -2064 -2073 -2078 -2086 -2097 -2110 -2124 -2130
-1522 -1525 -1530 -1534 -1538 -1542 -1547 -1552 -1559 -1560 -1559 -1559 -1563 -1568 -1575 -1582 -1593 -1604 -1610 -1612 -1614 -1620 -1626 -1630 -1637 -1649 -1663 -1675 -1683 -1691 -1695 -1702 -1712 -1720 -1728 -1733 -1729 -1728 -1732 -1736 -1744 -1752 -1761 -1766 -1771 -1777 -1783 -1791 -1799 -1808 -1831 -1829 -1829 -1832 -1833 -1836 -1842 -1851 -1860 -1864 -1874 -1881 -1885 -1888 -1899 -1916 -1926 -1933 -1937 -1945 -1954 -1959 -1965 -1975 -1986 -1999 -2010 -2029 -2039 -2051 -2063 -2073 -2075 -2081 -2091 -2103 -2116 -2121
-1522 -1526 -1533 -1537 -1541 -1545 -1549 -1553 -1560 -1561 -1560 -1560 -1563 -1568 -1574 -1581 -1588 -1599 -1610 -1619 -1620 -1623 -1626 -1627 -1631 -1639 -1650 -1661 -1675 -1685 -1689 -1696 -1706 -1714 -1725 -1736 -1739 -1739 -1742 -1744 -1750 -1756 -1762 -1766 -1772 -1779 -1786 -1794 -1804 -1813 -1835 -1834 -1831 -1835 -1840 -1843 -1848 -1855 -1865 -1869 -1877 -1883 -1891 -1896 -1905 -1921 -1933 -1939 -1942 -1950 -1959 -1966 -1971 -1983 -1994 -2005 -2014 -2029 -2038 -2052 -2063 -2074 -2074 -2079 -2088 -2098 -2108 -2113
-1521 -1526 -1533 -1538 -1542 -1546 -1550 -1555 -1562 -1562 -1561 -1561 -1565 -1569 -1575 -1581 -1587 -1596 -1606 -1619 -1623 -1628 -1628 -1627 -1628 -1634 -1642 -1653 -1666 -1677 -1681 -1691 -1699 -1707 -1719 -1732 -1739 -1745 -1748 -1749 -1753 -1758 -1763 -1768 -1774 -1781 -1787 -1795 -1806 -1814 -1835 -1836 -1835 -1840 -1845 -1848 -1853 -1859 -1868 -1871 -1879 -1885 -1894 -1901 -1907 -1920 -1933 -1942 -1946 -1954 -1961 -1969 -1975 -1988 -1997 -2008 -2019 -2029 -2037 -2049 -2059 -2072 -2074 -2078 -2087 -2097 -2105 -2109
-1521 -1525 -1533 -1538 -1543 -1547 -1552 -1557 -1565 -1564 -1563 -1563 -1567 -1571 -1577 -1583 -1588 -1595 -1603 -1615 -1620 -1630 -1633 -1630 -1628 -1632 -1638 -1647 -1657 -1668 -1672 -1680 -1685 -1693 -1709 -1726 -1734 -1745 -1753 -1754 -1757 -1761 -1766 -1771 -1777 -1783 -1789 -1797 -1808 -1816 -1837 -1837 -1838 -1845 -1849 -1853 -1857 -1863 -1871 -1874 -1881 -1888 -1896 -1904 -1910 -1921 -1934 -1944 -1948 -1956 -1963 -1971 -1979 -1990 -1999 -2010 -2021 -2031 -2038 -2047 -2056 -2073 -2077 -2080 -2087 -2096 -2104 -2109
-1522 -1526 -1532 -1538 -1543 -1548 -1553 -1561 -1570 -1569 -1567 -1566 -1569 -1574 -1579 -1584 -1590 -1595 -1601 -1609 -1615 -1630 -1640 -1635 -1629 -1629 -1633 -1639 -1646 -1654 -1658 -1662 -1663 -1671 -1693 -1715 -1722 -1741 -1755 -1760 -1765 -1768 -1772 -1777 -1782 -1788 -1793 -1800 -1808 -1816 -1838 -1836 -1840 -1849 -1855 -1860 -1865 -1872 -1878 -1879 -1884 -1892 -1900 -1910 -1917 -1926 -1936 -1945 -1950 -1959 -1966 -1974 -1983 -1992 -2003 -2013 -2023 -2031 -2037 -2045 -2054 -2075 -2082 -2083 -2088 -2095 -2104 -2110
-1523 -1527 -1533 -1538 -1543 -1548 -1554 -1562 -1571 -1572 -1570 -1570 -1572 -1576 -1581 -1586 -1592 -1596 -1602 -1610 -1614 -1627 -1640 -1640 -1631 -1628 -1631 -1637 -1642 -1648 -1650 -1653 -1656 -1667 -1685 -1704 -1711 -1730 -1744 -1752 -1765 -1771 -1777 -1781 -1785 -1791 -1795 -1800 -1806 -1814 -1837 -1834 -1838 -1847 -1854 -1862 -1868 -1877 -1883 -1884 -1887 -1895 -1902 -1911 -1918 -1928 -1938 -1946 -1951 -1960 -1968 -1976 -1985 -1994 -2004 -2014 -2024 -2030 -2034 -2044 -2056 -2075 -2083 -2086 -2089 -2096 -2105 -2111
-1524 -1527 -1533 -1538 -1543 -1549 -1555 -1562 -1572 -1574 -1573 -1574 -1576 -1579 -1583 -1589 -1594 -1598 -1604 -1611 -1616 -1627 -1640 -1645 -1636 -1629 -1630 -1636 -1641 -1645 -1647 -1652 -1657 -1669 -1684 -1698 -1705 -1717 -1730 -1738 -1754 -1764 -1774 -1781 -1787 -1793 -1799 -1805 -1811 -1818 -1836 -1833 -1837 -1845 -1853 -1860 -1868 -1878 -1886 -1889 -1893 -1899 -1904 -1908 -1915 -1926 -1938 -1948 -1953 -1962 -1971 -1979 -1987 -1996 -2005 -2014 -2024 -2032 -2037 -2048 -2059 -2072 -2083 -2090 -2092 -2099 -2106 -2111
-1524 -1528 -1534 -1538 -1543 -1548 -1554 -1561 -1571 -1574 -1574 -1577 -1580 -1584 -1587 -1591 -1595 -1599 -1605 -1612 -1617 -1628 -1640 -1649 -1643 -1632 -1630 -1635 -1640 -1646 -1649 -1655 -1661 -1672 -1686 -1701 -1706 -1713 -1723 -1728 -1739 -1750 -1762 -1773 -1782 -1790 -1800 -1811 -1820 -1825 -1835 -1833 -1839 -1846 -1853 -1859 -1867 -1877 -1886 -1890 -1897 -1902 -1905 -1906 -1912 -1923 -1938 -1950 -1955 -1965 -1974 -1982 -1990 -1999 -2006 -2016 -2026 -2037 -2042 -2049 -2057 -2067 -2086 -2095 -2096 -2101 -2106 -2108
-1523 -1527 -1533 -1538 -1543 -1548 -1554 -1560 -1570 -1573 -1573 -1575 -1580 -1585 -1590 -1594 -1597 -1600 -1605 -1612 -1617 -1628 -1640 -1651 -1645 -1634 -1631 -1636 -1642 -1648 -1652 -1659 -1665 -1673 -1686 -1701 -1706 -1713 -1721 -1725 -1734 -1743 -1753 -1762 -1771 -1781 -1793 -1805 -1820 -1828 -1846 -1844 -1844 -1848 -1853 -1859 -1867 -1877 -1885 -1888 -1895 -1900 -1905 -1910 -1918 -1927 -1940 -1951 -1955 -1964 -1972 -1980 -1989 -1997 -2004 -2015 -2025 -2034 -2038 -2047 -2059 -2072 -2089 -2092 -2090 -2091 -2093 -2093
-1522 -1526 -1532 -1537 -1542 -1546 -1552 -1559 -1568 -1572 -1573 -1575 -1581 -1587 -1593 -1597 -1600 -1601 -1605 -1611 -1615 -1626 -1637 -1651 -1648 -1640 -1636 -1639 -1646 -1653 -1656 -1662 -1667 -1675 -1686 -1698 -1704 -1712 -1719 -1723 -1731 -1739 -1747 -1756 -1765 -1774 -1785 -1798 -1813 -1823 -1849 -1848 -1847 -1848 -1852 -1857 -1864 -1875 -1885 -1888 -1894 -1898 -1901 -1907 -1917 -1930 -1942 -1950 -1954 -1960 -1967 -1977 -1988 -1994 -2000 -2008 -2020 -2031 -2038 -2051 -2063 -2069 -2076 -2076 -2076 -2078 -2081 -2084
-1521 -1524 -1530 -1536 -1541 -1545 -1550 -1558 -1568 -1574 -1575 -1578 -1583 -1589 -1595 -1599 -1603 -1603 -1605 -1610 -1613 -1621 -1630 -1644 -1652 -1650 -1646 -1644 -1648 -1654 -1657 -1663 -1670 -1679 -1688 -1698 -1704 -1711 -1719 -1723 -1732 -1739 -1747 -1755 -1763 -1771 -1779 -1789 -1801 -1811 -1835 -1839 -1844 -1848 -1853 -1859 -1865 -1875 -1884 -1887 -1892 -1895 -1898 -1901 -1909 -1924 -1941 -1951 -1954 -1960 -1967 -1977 -1990 -1999 -2001 -2007 -2015 -2030 -2039 -2052 -2055 -2055 -2059 -2069 -2077 -2080 -2083 -2086
-1520 -1523 -1529 -1535 -1540 -1544 -1549 -1557 -1570 -1576 -1576 -1580 -1584 -1590 -1596 -1601 -1606 -1608 -1608 -1611 -1614 -1620 -1626 -1633 -1649 -1660 -1660 -1653 -1651 -1655 -1658 -1664 -1672 -1679 -1689 -1699 -1703 -1710 -1720 -1723 -1732 -1740 -1748 -1755 -1762 -1768 -1774 -1783 -1793 -1802 -1831 -1834 -1835 -1842 -1850 -1859 -1869 -1878 -1884 -1886 -1891 -1896 -1901 -1903 -1909 -1920 -1942 -1956 -1959 -1962 -1969 -1978 -1991 -2005 -2001 -2008 -2012 -2020 -2025 -2036 -2048 -2054 -2060 -2072 -2081 -2084 -2087 -2089
-1520 -1523 -1528 -1534 -1539 -1544 -1549 -1557 -1569 -1575 -1576 -1578 -1583 -1590 -1596 -1601 -1607 -1611 -1612 -1613 -1616 -1621 -1626 -1628 -1638 -1656 -1666 -1662 -1655 -1656 -1658 -1665 -1673 -1679 -1689 -1700 -1704 -1711 -1720 -1723 -1731 -1739 -1748 -1755 -1763 -1770 -1776 -1783 -1793 -1804 -1837 -1832 -1830 -1836 -1843 -1851 -1862 -1875 -1882 -1885 -1891 -1897 -1901 -1905 -1913 -1928 -1948 -1958 -1959 -1960 -1965 -1971 -1983 -1996 -1997 -2007 -2014 -2023 -2027 -2037 -2047 -2054 -2062 -2075 -2084 -2087 -2088 -2090
-1520 -1523 -1529 -1534 -1539 -1544 -1549 -1557 -1568 -1573 -1574 -1576 -1582 -1589 -1596 -1602 -1608 -1612 -1614 -1616 -1617 -1622 -1626 -1626 -1632 -1646 -1661 -1668 -1662 -1660 -1661 -1667 -1675 -1681 -1691 -1700 -1705 -1713 -1720 -1723 -1731 -1739 -1748 -1756 -1763 -1770 -1776 -1784 -1795 -1806 -1835 -1829 -1828 -1834 -1842 -1849 -1858 -1869 -1876 -1880 -1888 -1895 -1899 -1907 -1918 -1932 -1951 -1956 -1955 -1957 -1965 -1971 -1981 -1991 -1996 -2003 -2011 -2019 -2024 -2035 -2045 -2052 -2064 -2078 -2089 -2090 -2091 -2093
-1520 -1522 -1528 -1533 -1538 -1542 -1547 -1555 -1565 -1570 -1570 -1574 -1580 -1587 -1594 -1602 -1607 -1613 -1618 -1621 -1622 -1626 -1628 -1626 -1628 -1636 -1649 -1667 -1676 -1670 -1667 -1671 -1677 -1684 -1692 -1701 -1707 -1715 -1721 -1724 -1732 -1739 -1748 -1755 -1761 -1766 -1773 -1783 -1796 -1805 -1826 -1822 -1823 -1831 -1838 -1846 -1854 -1863 -1870 -1874 -1882 -1888 -1897 -1903 -1916 -1924 -1946 -1951 -1955 -1957 -1966 -1973 -1980 -1988 -1996 -2003 -2011 -2018 -2024 -2034 -2042 -2051 -2064 -2076 -2088 -2094 -2096 -2097
-1527 -1527 -1528 -1531 -1535 -1539 -1543 -1550 -1560 -1566 -1568 -1571 -1578 -1585 -1593 -1600 -1605 -1611 -1617 -1624 -1626 -1631 -1633 -1630 -1630 -1634 -1644 -1660 -1677 -1679 -1678 -1676 -1678 -1684 -1692 -1703 -1709 -1716 -1722 -1725 -1732 -1740 -1748 -1754 -1759 -1764 -1772 -1782 -1796 -1804 -1821 -1819 -1821 -1829 -1837 -1844 -1851 -1860 -1868 -1871 -1877 -1884 -1907 -1907 -1924 -1924 -1941 -1941 -1959 -1959 -1970 -1974 -1981 -1989 -1998 -2005 -2014 -2021 -2026 -2035 -2042 -2051 -2062 -2074 -2086 -2095 -2100 -2102
-1553 -1544 -1531 -1527 -1530 -1534 -1538 -1548 -1559 -1565 -1566 -1570 -1577 -1585 -1592 -1598 -1603 -1609 -1615 -1622 -1626 -1634 -1638 -1635 -1633 -1634 -1640 -1650 -1663 -1679 -1686 -1690 -1685 -1686 -1695 -1707 -1710 -1715 -1721 -1724 -1731 -1739 -1747 -1753 -1758 -1765 -1773 -1782 -1794 -1802 -1817 -1818 -1819 -1824 -1832 -1839 -1846 -1855 -1863 -1867 -1876 -1884 -1907 -1907 -1924 -1924 -1942 -1942 -1959 -1959 -1977 -1974 -1982 -1991 -2002 -2011 -2020 -2027 -2030 -2038 -2046 -2053 -2064 -2077 -2090 -2100 -2118 -2124
-1583 -1573 -1548 -1530 -1527 -1531 -1536 -1546 -1559 -1565 -1566 -1569 -1576 -1583 -1589 -1595 -1602 -1608 -1614 -1621 -1625 -1634 -1639 -1639 -1636 -1636 -1640 -1647 -1656 -1670 -1678 -1692 -1694 -1694 -1699 -1707 -1710 -1715 -1721 -1724 -1731 -1739 -1746 -1752 -1757 -1764 -1772 -1781 -1793 -1801 -1817 -1817 -1819 -1824 -1830 -1837 -1844 -1853 -1861 -1865 -1876 -1885 -1906 -1906 -1924 -1924 -1941 -1941 -1958 -1958 -1977 -1975 -1983 -1993 -2007 -2016 -2024 -2030 -2034 -2041 -2050 -2059 -2069 -2082 -2094 -2105 -2129 -2137
-1593 -1601 -1592 -1553 -1528 -1526 -1533 -1543 -1555 -1561 -1562 -1565 -1571 -1579 -1587 -1594 -1601 -1607 -1612 -1620 -1624 -1633 -1640 -1643 -1640 -1640 -1645 -1652 -1659 -1666 -1670 -1681 -1694 -1707 -1712 -1707 -1709 -1715 -1722 -1725 -1732 -1740 -1746 -1752 -1757 -1764 -1771 -1780 -1793 -1802 -1820 -1819 -1821 -1827 -1832 -1837 -1845 -1852 -1860 -1866 -1877 -1885 -1904 -1904 -1922 -1922 -1939 -1939 -1957 -1957 -1976 -1976 -1986 -1997 -2008 -2016 -2024 -2031 -2036 -2046 -2055 -2064 -2074 -2094 -2104 -2112 -2127 -2132
-1572 -1593 -1611 -1581 -1539 -1526 -1530 -1540 -1551 -1557 -1558 -1562 -1569 -1578 -1586 -1592 -1599 -1605 -1610 -1616 -1621 -1630 -1639 -1645 -1642 -1642 -1649 -1658 -1665 -1670 -1673 -1681 -1694 -1709 -1724 -1714 -1709 -1716 -1724 -1727 -1734 -1741 -1748 -1754 -1759 -1767 -1773 -1782 -1796 -1805 -1824 -1824 -1826 -1830 -1834 -1839 -1844 -1852 -1860 -1867 -1877 -1883 -1903 -1903 -1920 -1920 -1937 -1937 -1956 -1956 -1975 -1975 -1987 -1997 -2006 -2014 -2023 -2032 -2038 -2047 -2055 -2062 -2070 -2090 -2101 -2112 -2126 -2131
-1544 -1563 -1599 -1604 -1563 -1534 -1531 -1539 -1551 -1557 -1558 -1564 -1571 -1579 -1585 -1590 -1595 -1598 -1602 -1607 -1611 -1620 -1630 -1639 -1641 -1644 -1652 -1661 -1669 -1675 -1679 -1687 -1696 -1710 -1729 -1728 -1721 -1725 -1733 -1736 -1740 -1746 -1753 -1759 -1763 -1770 -1777 -1786 -1801 -1811 -1829 -1828 -1831 -1835 -1840 -1842 -1845 -1853 -1861 -1866 -1874 -1879 -1900 -1900 -1917 -1917 -1934 -1934 -1952 -1952 -1972 -1972 -1992 -1995 -2003 -2012 -2022 -2031 -2038 -2046 -2053 -2059 -2070 -2082 -2094 -2109 -2122 -2127
-1525 -1534 -1570 -1611 -1601 -1561 -1541 -1544 -1556 -1561 -1562 -1569 -1576 -1582 -1585 -1587 -1588 -1590 -1594 -1599 -1603 -1610 -1613 -1620 -1630 -1637 -1646 -1654 -1661 -1667 -1672 -1681 -1689 -1701 -1717 -1735 -1742 -1746 -1755 -1757 -1760 -1764 -1767 -1770 -1773 -1779 -1785 -1794 -1810 -1821 -1841 -1840 -1842 -1845 -1851 -1852 -1852 -1861 -1864 -1865 -1870 -1876 -1900 -1900 -1916 -1916 -1932 -1932 -1951 -1951 -1971 -1971 -1991 -1991 -1998 -2009 -2020 -2030 -2035 -2044 -2052 -2062 -2075 -2086 -2094 -2104 -2114 -2119
-1518 -1525 -1555 -1606 -1619 -1582 -1552 -1548 -1558 -1563 -1565 -1574 -1584 -1588 -1592 -1593 -1595 -1602 -1612 -1620 -1623 -1623 -1616 -1615 -1620 -1623 -1631 -1639 -1646 -1656 -1661 -1673 -1680 -1689 -1699 -1717 -1734 -1740 -1753 -1759 -1770 -1779 -1780 -1780 -1781 -1788 -1797 -1808 -1824 -1834 -1849 -1849 -1850 -1856 -1860 -1865 -1866 -1873 -1873 -1871 -1874 -1880 -1901 -1901 -1913 -1913 -1928 -1928 -1948 -1948 -1969 -1969 -1987 -1987 -1997 -2009 -2019 -2029 -2034 -2042 -2052 -2064 -2078 -2086 -2097 -2102 -2111 -2116
