scratch/cropped_hokkaido.asc
ncols        1811
nrows        443
xllcorner    139.291666666667
yllcorner    41.591666666667
cellsize     0.004166666667
NODATA_value -32767
[rows 117 to 155 of 443, columns 88 to 175 of 1811]
-3346 -3328 -3350 -3347 -3347 -3341 -3327 -3317 -3310 -3292 -3292 -3286 -3106 -3199 -3158 -3129 -3129 -3017 -2899 -2830 -2760 -2702 -2702 -2606 -2495 -2429 -2326 -2260 -2260 -2187 -2144 -2146 -2156 -2179 -2179 -2204 -2248 -2260 -2267 -2290 -2290 -2316 -2312 -2312 -2303 -2294 -2294 -2278 -2254 -2202 -2173 -2120 -2120 -2065 -2021 -1972 -1917 -1867 -1867 -1830 -1784 -1742 -1708 -1691 -1691 -1674 -1656 -1668 -1585 -1546 -1546 -1508 -1452 -1385 -1314 -1261 -1261 -1223 -1213 -1214 -1187 -1141 -1141 -1109 -1111 -1112 -1081 -1041
-3355 -3355 -3356 -3350 -3350 -3347 -3342 -3336 -3331 -3307 -3307 -3284 -2878 -3168 -3102 -3074 -3074 -2976 -2892 -2824 -2753 -2701 -2701 -2586 -2498 -2427 -2324 -2261 -2261 -2191 -2116 -2123 -2141 -2162 -2162 -2188 -2218 -2206 -2229 -2269 -2269 -2304 -2301 -2299 -2287 -2279 -2279 -2266 -2244 -2184 -2161 -2104 -2104 -2059 -2003 -1962 -1899 -1861 -1861 -1826 -1789 -1726 -1659 -1627 -1627 -1616 -1630 -1673 -1579 -1526 -1526 -1483 -1446 -1394 -1345 -1253 -1253 -1209 -1184 -1169 -1163 -1123 -1123 -1095 -1070 -1093 -1064 -1032
-3352 -3356 -3357 -3352 -3343 -3348 -3339 -3324 -3310 -3261 -3261 -3200 -3172 -3076 -2980 -2907 -2907 -2895 -2859 -2811 -2753 -2696 -2727 -2627 -2496 -2422 -2339 -2279 -2279 -2188 -2104 -2106 -2123 -2146 -2146 -2166 -2183 -2173 -2209 -2257 -2257 -2292 -2292 -2288 -2275 -2264 -2264 -2254 -2237 -2177 -2124 -2061 -2061 -2035 -1995 -1971 -1906 -1879 -1879 -1820 -1765 -1703 -1596 -1547 -1547 -1524 -1676 -1617 -1545 -1500 -1500 -1464 -1436 -1399 -1339 -1260 -1260 -1216 -1178 -1150 -1130 -1102 -1102 -1081 -1060 -1039 -1015 -1000
-3344 -3345 -3349 -3350 -3325 -3341 -3322 -3282 -3238 -3158 -3158 -3062 -3045 -2966 -2877 -2752 -2752 -2771 -2772 -2775 -2744 -2688 -2771 -2751 -2520 -2452 -2393 -2319 -2319 -2233 -2141 -2117 -2108 -2124 -2124 -2140 -2157 -2154 -2186 -2238 -2238 -2278 -2281 -2274 -2259 -2247 -2247 -2238 -2226 -2187 -2125 -2056 -2056 -2012 -1955 -1922 -1871 -1826 -1826 -1792 -1760 -1695 -1595 -1533 -1533 -1503 -1649 -1465 -1487 -1462 -1462 -1431 -1403 -1376 -1327 -1256 -1256 -1216 -1151 -1108 -1084 -1070 -1070 -1058 -1036 -1011 -994 -973
-3329 -3319 -3344 -3348 -3348 -3327 -3290 -3224 -3151 -3064 -3064 -2970 -2959 -2903 -2788 -2713 -2713 -2699 -2706 -2724 -2714 -2682 -2682 -2605 -2550 -2486 -2431 -2354 -2354 -2287 -2202 -2135 -2109 -2111 -2111 -2126 -2139 -2136 -2171 -2220 -2220 -2268 -2271 -2260 -2245 -2236 -2236 -2225 -2213 -2178 -2131 -2079 -2079 -2036 -1989 -1926 -1885 -1855 -1855 -1812 -1780 -1700 -1596 -1545 -1545 -1554 -1560 -1405 -1429 -1421 -1421 -1393 -1357 -1342 -1303 -1205 -1205 -1169 -1109 -1068 -1057 -1043 -1043 -1034 -1013 -991 -980 -965
-3303 -3287 -3328 -3348 -3348 -3311 -3227 -3180 -3117 -3029 -3029 -2942 -2928 -2878 -2671 -2707 -2707 -2676 -2675 -2692 -2692 -2669 -2669 -2599 -2549 -2491 -2436 -2361 -2361 -2289 -2209 -2142 -2110 -2106 -2106 -2087 -2131 -2129 -2163 -2214 -2214 -2262 -2266 -2256 -2208 -2230 -2230 -2220 -2207 -2173 -2128 -2077 -2077 -2032 -1941 -1929 -1888 -1853 -1853 -1809 -1777 -1699 -1606 -1552 -1516 -1506 -1417 -1388 -1397 -1392 -1392 -1369 -1338 -1304 -1256 -1194 -1194 -1157 -1100 -1061 -1052 -1036 -1036 -1027 -1007 -986 -976 -960
-3315 -3286 -3303 -3341 -3323 -3264 -3084 -3057 -3034 -2919 -2919 -2849 -2815 -2785 -2629 -2684 -2665 -2611 -2570 -2574 -2605 -2617 -2617 -2575 -2532 -2492 -2433 -2362 -2362 -2281 -2220 -2155 -2108 -2087 -2087 -2007 -2074 -2075 -2131 -2190 -2190 -2239 -2247 -2239 -2136 -2188 -2188 -2181 -2184 -2157 -2121 -2074 -2074 -2027 -1858 -1903 -1871 -1848 -1848 -1799 -1762 -1687 -1626 -1567 -1441 -1458 -1414 -1342 -1302 -1295 -1295 -1281 -1266 -1208 -1130 -1154 -1154 -1116 -1070 -1037 -1032 -1011 -1011 -1001 -986 -969 -956 -939
-3336 -3302 -3331 -3317 -3263 -3243 -3170 -3075 -3053 -2871 -2871 -2797 -2726 -2698 -2681 -2652 -2601 -2590 -2508 -2480 -2497 -2550 -2550 -2529 -2469 -2427 -2365 -2296 -2296 -2232 -2179 -2123 -2087 -2069 -2069 -2072 -1996 -1997 -2099 -2154 -2154 -2214 -2226 -2218 -2201 -2125 -2125 -2122 -2159 -2141 -2117 -2067 -2067 -2027 -1969 -1833 -1828 -1843 -1843 -1797 -1755 -1676 -1591 -1551 -1487 -1485 -1427 -1345 -1279 -1231 -1231 -1204 -1195 -1209 -1135 -1125 -1125 -1088 -1049 -1017 -1007 -989 -989 -974 -964 -948 -929 -905
-3307 -3306 -3291 -3286 -3270 -3237 -3225 -3151 -3040 -2875 -2875 -2787 -2703 -2657 -2615 -2589 -2589 -2547 -2494 -2449 -2418 -2452 -2452 -2436 -2382 -2318 -2280 -2233 -2233 -2175 -2112 -2069 -2054 -2051 -2051 -2046 -2033 -2038 -2073 -2125 -2125 -2195 -2204 -2199 -2184 -2162 -2162 -2146 -2130 -2113 -2089 -2033 -2033 -1984 -1911 -1878 -1852 -1822 -1822 -1786 -1754 -1691 -1565 -1539 -1588 -1518 -1457 -1351 -1276 -1192 -1192 -1151 -1130 -1144 -1131 -1103 -1103 -1065 -1025 -993 -989 -972 -972 -953 -938 -920 -894 -861
-3293 -3281 -3256 -3254 -3243 -3224 -3203 -3166 -3047 -2869 -2869 -2793 -2739 -2675 -2615 -2549 -2549 -2506 -2466 -2425 -2376 -2347 -2347 -2319 -2281 -2229 -2205 -2169 -2169 -2115 -2067 -2038 -2032 -2031 -2031 -2021 -2018 -2034 -2079 -2119 -2119 -2182 -2180 -2179 -2167 -2143 -2143 -2123 -2102 -2086 -2068 -2025 -2025 -1984 -1890 -1831 -1794 -1761 -1761 -1715 -1666 -1627 -1568 -1524 -1550 -1505 -1444 -1333 -1257 -1179 -1179 -1128 -1084 -1084 -1073 -1063 -1063 -1036 -1006 -968 -970 -950 -950 -930 -911 -890 -856 -821
-3263 -3200 -3160 -3220 -3184 -3168 -3174 -3161 -3027 -2850 -2850 -2781 -2726 -2673 -2627 -2558 -2558 -2514 -2473 -2419 -2362 -2296 -2296 -2245 -2208 -2164 -2143 -2114 -2114 -2070 -2040 -2020 -2015 -2013 -2013 -2005 -2019 -2046 -2093 -2122 -2122 -2164 -2162 -2163 -2152 -2129 -2129 -2107 -2083 -2065 -2051 -2025 -2025 -1991 -1899 -1837 -1800 -1753 -1753 -1700 -1625 -1625 -1567 -1482 -1482 -1446 -1410 -1338 -1261 -1193 -1193 -1131 -1069 -1039 -1035 -1021 -1021 -1016 -991 -958 -957 -932 -932 -908 -893 -869 -838 -798
-3258 -3128 -3099 -3116 -3134 -3124 -3145 -3071 -3026 -2843 -2843 -2781 -2727 -2676 -2626 -2558 -2523 -2492 -2473 -2420 -2367 -2299 -2299 -2239 -2203 -2156 -2132 -2098 -2098 -2059 -2033 -2013 -2009 -1980 -2008 -2001 -2018 -2046 -2086 -2108 -2108 -2159 -2156 -2156 -2145 -2122 -2122 -2099 -2077 -2058 -2043 -2018 -2018 -1987 -1894 -1833 -1791 -1747 -1723 -1674 -1666 -1651 -1547 -1491 -1491 -1438 -1395 -1323 -1221 -1190 -1190 -1132 -1074 -1044 -1029 -1012 -1012 -1008 -988 -965 -956 -930 -930 -903 -886 -863 -831 -792
-3283 -3138 -3058 -3014 -3047 -3031 -3039 -2830 -2984 -2798 -2798 -2765 -2715 -2671 -2612 -2542 -2430 -2430 -2461 -2407 -2373 -2311 -2311 -2225 -2182 -2129 -2096 -2050 -2050 -2021 -2002 -1989 -1985 -1890 -1989 -1989 -2013 -2036 -2053 -2060 -2060 -2143 -2136 -2132 -2122 -2098 -2098 -2073 -2053 -2034 -2014 -1991 -1991 -1967 -1885 -1825 -1772 -1734 -1644 -1685 -1646 -1591 -1561 -1506 -1506 -1411 -1348 -1278 -1113 -1185 -1185 -1148 -1105 -1059 -1009 -985 -985 -981 -975 -982 -950 -917 -917 -885 -861 -842 -806 -769
-3317 -3245 -3132 -3053 -3010 -2965 -2958 -2850 -2867 -2739 -2739 -2722 -2679 -2641 -2585 -2503 -2449 -2440 -2427 -2366 -2346 -2307 -2307 -2214 -2156 -2123 -2071 -2040 -2040 -1992 -1978 -1974 -1969 -1890 -1952 -1980 -1995 -2006 -2013 -2029 -2029 -2117 -2113 -2109 -2098 -2077 -2077 -2049 -2033 -2014 -1991 -1972 -1972 -1946 -1894 -1838 -1787 -1730 -1670 -1679 -1637 -1583 -1544 -1492 -1492 -1407 -1355 -1292 -1166 -1216 -1216 -1192 -1150 -1067 -1011 -992 -992 -978 -966 -975 -933 -900 -900 -867 -839 -823 -787 -750
-3304 -3290 -3208 -3095 -2993 -2936 -2964 -2910 -2857 -2802 -2802 -2759 -2696 -2656 -2603 -2507 -2507 -2465 -2425 -2360 -2327 -2257 -2321 -2178 -2132 -2138 -2046 -2045 -2045 -1976 -1969 -1962 -1951 -1894 -1894 -1952 -1969 -1980 -1996 -2015 -2015 -2002 -2019 -2079 -2068 -2054 -2054 -2033 -2014 -1997 -1983 -1957 -1940 -1932 -1883 -1849 -1774 -1707 -1742 -1681 -1648 -1607 -1576 -1526 -1526 -1461 -1421 -1365 -1306 -1255 -1255 -1200 -1140 -1057 -1031 -1018 -1018 -996 -979 -956 -913 -886 -886 -853 -826 -809 -774 -738
-3293 -3283 -3246 -3186 -3037 -2986 -2977 -2922 -2926 -2890 -2890 -2811 -2723 -2702 -2656 -2524 -2524 -2461 -2413 -2367 -2321 -2229 -2404 -2186 -2146 -2111 -2048 -2042 -2042 -1963 -1943 -1925 -1913 -1906 -1906 -1912 -1931 -1940 -1961 -1984 -1984 -1896 -1902 -2043 -2042 -2035 -2035 -2021 -1998 -1984 -1965 -1937 -1890 -1905 -1875 -1850 -1731 -1716 -1741 -1688 -1658 -1620 -1600 -1553 -1553 -1507 -1454 -1381 -1310 -1242 -1242 -1164 -1110 -1036 -1015 -998 -998 -975 -961 -928 -884 -857 -857 -829 -805 -792 -762 -730
-3251 -3181 -3128 -3061 -2998 -2972 -2928 -2899 -2917 -2889 -2889 -2815 -2725 -2735 -2707 -2524 -2524 -2460 -2416 -2365 -2318 -2225 -2225 -2175 -2137 -2126 -2070 -2022 -2022 -1967 -1963 -1929 -1913 -1911 -1911 -1887 -1893 -1910 -1936 -1954 -1954 -2019 -2041 -2036 -2031 -2025 -2025 -2007 -1986 -1971 -1943 -1918 -1918 -1885 -1871 -1855 -1738 -1732 -1732 -1692 -1663 -1622 -1591 -1540 -1540 -1505 -1444 -1385 -1325 -1234 -1234 -1147 -1095 -1025 -1006 -986 -986 -958 -941 -898 -851 -822 -822 -805 -783 -775 -747 -717
-3144 -3027 -2962 -2920 -2859 -2865 -2861 -2871 -2893 -2867 -2867 -2806 -2729 -2666 -2562 -2519 -2519 -2457 -2417 -2362 -2302 -2222 -2222 -2173 -2201 -2110 -2056 -1997 -1997 -1950 -1940 -1911 -1896 -1892 -1892 -1876 -1884 -1898 -1923 -1938 -1938 -2001 -2031 -2029 -2025 -2019 -2019 -2004 -1982 -1964 -1934 -1911 -1911 -1895 -1870 -1853 -1777 -1735 -1735 -1691 -1650 -1616 -1587 -1542 -1542 -1513 -1441 -1381 -1323 -1234 -1234 -1153 -1099 -1036 -1010 -985 -985 -954 -934 -883 -840 -812 -812 -797 -777 -768 -741 -711
-3132 -3026 -2966 -2911 -2815 -2797 -2802 -2839 -2823 -2791 -2791 -2761 -2726 -2667 -2578 -2512 -2512 -2453 -2413 -2347 -2267 -2214 -2214 -2168 -2307 -2071 -2025 -1938 -1938 -1902 -1872 -1853 -1841 -1834 -1834 -1834 -1846 -1853 -1870 -1883 -1883 -1941 -1995 -2003 -2000 -1994 -1994 -1986 -1962 -1935 -1896 -1873 -1873 -1879 -1863 -1848 -1815 -1746 -1746 -1690 -1608 -1589 -1568 -1546 -1546 -1516 -1443 -1373 -1322 -1246 -1246 -1185 -1125 -1085 -1031 -984 -984 -948 -919 -842 -802 -779 -779 -769 -755 -744 -716 -691
-3191 -3048 -3004 -2935 -2828 -2771 -2733 -2779 -2788 -2735 -2738 -2699 -2774 -2623 -2572 -2518 -2518 -2460 -2409 -2345 -2290 -2227 -2227 -2180 -2141 -2097 -2055 -1976 -1976 -1909 -1861 -1827 -1810 -1801 -1801 -1791 -1798 -1809 -1820 -1841 -1841 -1900 -1953 -1973 -1970 -1966 -1966 -1954 -1935 -1906 -1857 -1822 -1822 -1849 -1853 -1837 -1803 -1754 -1754 -1700 -1593 -1558 -1535 -1523 -1523 -1458 -1465 -1396 -1343 -1288 -1288 -1239 -1176 -1136 -1058 -1002 -1002 -969 -933 -842 -783 -758 -758 -747 -736 -722 -692 -668
-3166 -3014 -2968 -2912 -2813 -2757 -2674 -2677 -2706 -2697 -2709 -2769 -2900 -2561 -2496 -2470 -2470 -2439 -2416 -2367 -2301 -2255 -2255 -2215 -2175 -2134 -2082 -2000 -2000 -1933 -1869 -1820 -1790 -1765 -1765 -1756 -1764 -1780 -1791 -1813 -1813 -1854 -1898 -1936 -1943 -1938 -1938 -1924 -1906 -1885 -1843 -1810 -1810 -1808 -1857 -1794 -1775 -1748 -1748 -1713 -1626 -1572 -1520 -1467 -1467 -1427 -1398 -1388 -1347 -1313 -1313 -1255 -1200 -1138 -1082 -1032 -1032 -988 -937 -852 -782 -750 -750 -733 -721 -705 -672 -644
-3106 -2966 -2933 -2900 -2787 -2733 -2669 -2651 -2646 -2673 -2701 -2904 -2600 -2547 -2438 -2332 -2395 -2368 -2357 -2321 -2285 -2243 -2243 -2216 -2171 -2136 -2064 -1990 -1990 -1943 -1881 -1828 -1793 -1745 -1745 -1728 -1736 -1749 -1755 -1756 -1740 -1771 -1832 -1892 -1914 -1910 -1910 -1896 -1873 -1857 -1835 -1814 -1814 -1785 -1839 -1757 -1745 -1723 -1723 -1687 -1644 -1593 -1523 -1465 -1465 -1391 -1272 -1282 -1264 -1254 -1254 -1219 -1190 -1145 -1101 -1059 -1059 -1009 -948 -846 -774 -729 -729 -715 -703 -681 -652 -625
-3064 -2978 -2957 -2934 -2827 -2781 -2740 -2744 -2721 -2672 -2707 -2628 -2568 -2560 -2442 -2213 -2430 -2391 -2294 -2318 -2234 -2247 -2194 -2214 -2150 -2126 -2051 -1981 -1981 -1941 -1883 -1834 -1789 -1735 -1735 -1713 -1714 -1718 -1713 -1700 -1656 -1709 -1782 -1856 -1892 -1889 -1889 -1875 -1854 -1834 -1810 -1792 -1797 -1788 -1752 -1735 -1721 -1700 -1700 -1643 -1630 -1579 -1535 -1439 -1439 -1357 -1244 -1199 -1151 -1132 -1132 -1134 -1171 -1132 -1098 -1073 -1073 -1024 -971 -832 -764 -786 -713 -693 -679 -664 -639 -612
-3186 -3079 -3053 -3045 -2946 -2909 -2850 -2829 -2797 -2729 -2719 -2625 -2565 -2651 -2435 -2385 -2561 -2561 -2295 -2472 -2224 -2388 -2186 -2308 -2135 -2110 -2046 -1978 -1978 -1938 -1881 -1833 -1788 -1741 -1741 -1714 -1706 -1700 -1694 -1677 -1677 -1690 -1765 -1837 -1882 -1880 -1880 -1868 -1848 -1825 -1799 -1777 -1810 -1827 -1742 -1727 -1711 -1692 -1692 -1670 -1625 -1573 -1630 -1434 -1434 -1349 -1251 -1198 -1142 -1122 -1122 -1080 -1150 -1108 -1077 -1042 -1042 -997 -943 -825 -765 -982 -716 -689 -672 -653 -632 -605
-3251 -3163 -3156 -3094 -3042 -2988 -2912 -2880 -2829 -2740 -2786 -2625 -2565 -2613 -2428 -2410 -2531 -2520 -2315 -2426 -2199 -2327 -2163 -2256 -2090 -2060 -2022 -1965 -1965 -1924 -1877 -1839 -1799 -1766 -1766 -1725 -1683 -1645 -1625 -1602 -1602 -1630 -1705 -1766 -1836 -1845 -1845 -1838 -1820 -1792 -1765 -1733 -1812 -1783 -1702 -1693 -1682 -1668 -1661 -1629 -1606 -1560 -1601 -1434 -1434 -1345 -1277 -1203 -1132 -1100 -1100 -1074 -1073 -1020 -992 -930 -930 -893 -834 -787 -763 -910 -721 -676 -652 -611 -599 -578
-3304 -3195 -3162 -3144 -3092 -3050 -2952 -2899 -2842 -2782 -2706 -2641 -2596 -2528 -2482 -2468 -2468 -2425 -2375 -2316 -2216 -2172 -2172 -2129 -2091 -2047 -1995 -1952 -1952 -1911 -1888 -1864 -1836 -1792 -1792 -1741 -1674 -1613 -1578 -1561 -1561 -1589 -1639 -1692 -1770 -1810 -1810 -1805 -1783 -1762 -1739 -1732 -1816 -1657 -1651 -1655 -1666 -1656 -1637 -1593 -1586 -1558 -1522 -1470 -1470 -1390 -1295 -1226 -1174 -1118 -1118 -1068 -1021 -954 -907 -832 -832 -785 -711 -703 -725 -698 -698 -660 -635 -574 -554 -541
-3289 -3187 -3162 -3145 -3103 -3065 -2974 -2917 -2861 -2787 -2734 -2640 -2605 -2577 -2545 -2523 -2523 -2479 -2425 -2375 -2266 -2226 -2226 -2197 -2166 -2114 -2014 -1975 -1975 -1954 -1931 -1890 -1853 -1796 -1796 -1734 -1653 -1590 -1560 -1533 -1533 -1533 -1562 -1609 -1699 -1772 -1772 -1768 -1750 -1733 -1723 -1741 -1783 -1650 -1610 -1609 -1627 -1615 -1617 -1614 -1567 -1534 -1503 -1468 -1468 -1392 -1305 -1231 -1177 -1121 -1121 -1081 -1014 -940 -870 -772 -772 -718 -630 -616 -635 -639 -639 -619 -600 -553 -522 -507
-3257 -3172 -3132 -3117 -3075 -3041 -2957 -2911 -2855 -2777 -2734 -2685 -2591 -2594 -2563 -2536 -2536 -2514 -2469 -2434 -2364 -2321 -2321 -2304 -2247 -2198 -2099 -2053 -2053 -2027 -1980 -1912 -1873 -1813 -1813 -1743 -1653 -1576 -1554 -1501 -1501 -1477 -1500 -1542 -1594 -1721 -1721 -1737 -1722 -1708 -1728 -1701 -1707 -1669 -1593 -1551 -1567 -1545 -1570 -1588 -1550 -1501 -1469 -1431 -1413 -1343 -1300 -1253 -1177 -1097 -1097 -1046 -977 -890 -820 -735 -735 -691 -615 -587 -594 -594 -594 -583 -567 -530 -499 -476
-3225 -3134 -3071 -3037 -2992 -2953 -2885 -2865 -2837 -2772 -2739 -2671 -2624 -2599 -2562 -2528 -2528 -2501 -2466 -2434 -2398 -2368 -2368 -2348 -2291 -2224 -2196 -2117 -2117 -2047 -1997 -1930 -1889 -1829 -1829 -1780 -1693 -1582 -1548 -1484 -1484 -1444 -1446 -1478 -1508 -1667 -1667 -1721 -1709 -1684 -1734 -1690 -1700 -1650 -1585 -1520 -1496 -1450 -1505 -1537 -1521 -1485 -1462 -1390 -1329 -1278 -1252 -1237 -1176 -1088 -1088 -1027 -958 -873 -796 -726 -726 -686 -618 -593 -587 -581 -581 -573 -553 -512 -479 -456
-3165 -3161 -3090 -3043 -2912 -2875 -2820 -2813 -2793 -2709 -2691 -2653 -2606 -2581 -2560 -2527 -2527 -2494 -2461 -2421 -2390 -2362 -2320 -2341 -2289 -2231 -2201 -2117 -2117 -2046 -1994 -1932 -1886 -1822 -1822 -1783 -1704 -1600 -1557 -1484 -1484 -1444 -1441 -1465 -1497 -1649 -1649 -1715 -1702 -1685 -1727 -1689 -1664 -1621 -1592 -1478 -1459 -1441 -1492 -1497 -1495 -1472 -1438 -1348 -1308 -1258 -1228 -1216 -1163 -1081 -1081 -1021 -953 -874 -799 -730 -730 -685 -623 -598 -592 -586 -586 -575 -549 -506 -473 -448
-3042 -3089 -3062 -2996 -2892 -2824 -2712 -2709 -2691 -2632 -2611 -2595 -2557 -2551 -2543 -2510 -2510 -2463 -2442 -2386 -2364 -2333 -2220 -2309 -2270 -2231 -2206 -2112 -2112 -2038 -1982 -1933 -1870 -1812 -1812 -1781 -1725 -1656 -1585 -1487 -1487 -1444 -1418 -1420 -1452 -1570 -1570 -1688 -1710 -1744 -1660 -1656 -1639 -1587 -1587 -1478 -1432 -1421 -1450 -1450 -1456 -1440 -1407 -1325 -1299 -1240 -1148 -1138 -1109 -1049 -1049 -998 -930 -870 -800 -739 -739 -684 -635 -612 -604 -592 -592 -568 -524 -476 -432 -412
-3022 -3001 -2964 -2901 -2871 -2793 -2741 -2683 -2653 -2597 -2562 -2564 -2539 -2508 -2498 -2465 -2465 -2434 -2420 -2384 -2342 -2293 -2293 -2258 -2223 -2175 -2162 -2093 -2093 -2023 -1962 -1909 -1823 -1801 -1801 -1778 -1689 -1661 -1586 -1477 -1477 -1428 -1380 -1372 -1391 -1459 -1551 -1676 -1770 -1638 -1632 -1626 -1617 -1575 -1557 -1496 -1448 -1409 -1425 -1417 -1431 -1417 -1390 -1331 -1311 -1211 -1098 -1068 -1044 -982 -1006 -961 -891 -845 -777 -731 -731 -683 -635 -591 -581 -547 -547 -506 -458 -426 -366 -363
-3055 -3036 -2990 -2884 -2849 -2777 -2747 -2687 -2648 -2598 -2569 -2522 -2519 -2490 -2452 -2421 -2421 -2405 -2395 -2365 -2322 -2268 -2268 -2215 -2180 -2127 -2084 -2052 -2052 -1997 -1917 -1846 -1739 -1678 -1678 -1769 -1616 -1595 -1533 -1428 -1428 -1385 -1336 -1308 -1317 -1364 -1714 -1714 -1700 -1620 -1595 -1571 -1557 -1542 -1529 -1484 -1454 -1409 -1402 -1377 -1394 -1389 -1360 -1299 -1303 -1182 -1076 -1003 -982 -910 -961 -918 -855 -808 -755 -711 -711 -670 -624 -527 -504 -463 -450 -428 -377 -367 -355 -344
-3064 -3034 -2980 -2852 -2807 -2729 -2717 -2690 -2661 -2635 -2554 -2477 -2480 -2471 -2419 -2379 -2379 -2361 -2337 -2319 -2304 -2257 -2257 -2191 -2144 -2070 -2007 -1976 -1976 -1918 -1836 -1767 -1689 -1621 -1621 -1565 -1516 -1487 -1442 -1389 -1389 -1358 -1312 -1271 -1270 -1408 -1619 -1657 -1615 -1605 -1584 -1535 -1486 -1437 -1439 -1461 -1453 -1426 -1392 -1344 -1337 -1349 -1316 -1244 -1255 -1153 -1046 -959 -932 -932 -897 -891 -826 -771 -727 -683 -683 -641 -600 -520 -458 -418 -382 -376 -365 -351 -337 -324
-3036 -2948 -2872 -2788 -2759 -2704 -2690 -2660 -2636 -2613 -2567 -2493 -2503 -2463 -2418 -2370 -2370 -2340 -2293 -2264 -2268 -2247 -2247 -2181 -2123 -2042 -1960 -1904 -1904 -1822 -1746 -1709 -1665 -1602 -1602 -1534 -1458 -1409 -1367 -1352 -1352 -1329 -1303 -1257 -1295 -1576 -1333 -1434 -1570 -1569 -1556 -1541 -1493 -1369 -1333 -1385 -1412 -1399 -1373 -1334 -1291 -1316 -1308 -1227 -1227 -1139 -1039 -974 -951 -896 -896 -885 -795 -749 -702 -665 -661 -607 -582 -515 -431 -386 -368 -353 -340 -329 -320 -312
-2969 -2851 -2781 -2720 -2699 -2686 -2670 -2642 -2613 -2588 -2553 -2521 -2505 -2478 -2430 -2390 -2380 -2347 -2294 -2256 -2254 -2231 -2231 -2168 -2112 -2032 -1955 -1895 -1895 -1804 -1722 -1683 -1642 -1590 -1590 -1530 -1459 -1405 -1357 -1338 -1338 -1316 -1291 -1255 -1392 -1424 -1269 -1294 -1522 -1527 -1514 -1502 -1485 -1339 -1247 -1264 -1339 -1346 -1347 -1337 -1259 -1286 -1254 -1222 -1222 -1145 -1062 -995 -957 -899 -899 -844 -783 -734 -698 -664 -647 -622 -594 -550 -473 -409 -348 -321 -308 -303 -288 -283
-2898 -2788 -2707 -2647 -2623 -2603 -2608 -2616 -2600 -2580 -2560 -2525 -2514 -2490 -2466 -2443 -2409 -2356 -2303 -2232 -2198 -2165 -2165 -2113 -2060 -1992 -1931 -1855 -1855 -1761 -1664 -1609 -1562 -1538 -1538 -1499 -1450 -1389 -1325 -1298 -1298 -1284 -1273 -1277 -1358 -1376 -1376 -1443 -1477 -1496 -1485 -1475 -1464 -1412 -1353 -1238 -1297 -1318 -1324 -1328 -1276 -1242 -1203 -1196 -1196 -1154 -1115 -1045 -969 -866 -865 -801 -741 -691 -680 -656 -634 -598 -562 -519 -488 -462 -350 -296 -277 -269 -229 -213
-2802 -2747 -2715 -2648 -2612 -2566 -2551 -2550 -2537 -2533 -2523 -2494 -2487 -2473 -2457 -2433 -2403 -2327 -2308 -2232 -2169 -2093 -2093 -2031 -1979 -1930 -1873 -1798 -1798 -1754 -1669 -1596 -1502 -1490 -1490 -1443 -1415 -1392 -1318 -1294 -1294 -1296 -1294 -1337 -1308 -1364 -1364 -1366 -1414 -1446 -1446 -1444 -1436 -1417 -1374 -1224 -1236 -1287 -1291 -1314 -1252 -1199 -1159 -1156 -1156 -1117 -1072 -1003 -921 -756 -749 -737 -715 -688 -652 -604 -594 -553 -482 -406 -373 -363 -346 -295 -246 -211 -198 -190
-2719 -2696 -2699 -2690 -2683 -2589 -2525 -2482 -2461 -2460 -2454 -2420 -2417 -2407 -2399 -2396 -2377 -2315 -2280 -2261 -2221 -2085 -2055 -1959 -1892 -1828 -1792 -1720 -1720 -1681 -1622 -1570 -1486 -1485 -1485 -1448 -1402 -1430 -1339 -1321 -1321 -1311 -1261 -1294 -1284 -1289 -1289 -1302 -1330 -1365 -1382 -1392 -1384 -1357 -1343 -1252 -1194 -1233 -1259 -1258 -1219 -1177 -1130 -1109 -1110 -1050 -1015 -940 -850 -786 -746 -726 -698 -676 -625 -572 -551 -514 -385 -333 -334 -322 -352 -286 -226 -189 -174 -166
