scratch/cropped_hokkaido.asc
ncols        1811
nrows        443
xllcorner    139.291666666667
yllcorner    41.591666666667
cellsize     0.004166666667
NODATA_value -32767
[rows 195 to 233 of 443, columns 1584 to 1671 of 1811]
-2730 -2728 -2729 -2729 -2739 -2733 -2766 -2735 -2735 -2723 -2701 -2691 -2688 -2698 -2686 -2674 -2673 -2674 -2675 -2676 -2712 -2713 -2716 -2721 -2723 -2718 -2733 -2740 -2731 -2744 -2756 -2785 -2793 -2804 -2806 -2817 -2820 -2823 -2829 -2827 -2843 -2847 -2847 -2843 -2842 -2846 -2849 -2853 -2859 -2863 -2872 -2892 -2905 -2923 -2931 -2938 -2954 -2961 -2967 -2970 -2977 -2994 -2999 -3014 -3024 -3034 -3056 -3064 -3072 -3088 -3090 -3099 -3099 -3104 -3111 -3115 -3114 -3110 -3117 -3123 -3128 -3119 -3119 -3121 -3124 -3120 -3120 -3118
-2765 -2757 -2751 -2744 -2737 -2740 -2729 -2725 -2723 -2713 -2707 -2697 -2696 -2709 -2689 -2680 -2680 -2680 -2681 -2681 -2681 -2685 -2690 -2696 -2702 -2708 -2717 -2726 -2736 -2749 -2758 -2772 -2775 -2789 -2791 -2799 -2800 -2797 -2791 -2784 -2817 -2812 -2812 -2821 -2827 -2838 -2842 -2851 -2855 -2862 -2873 -2894 -2908 -2931 -2939 -2948 -2962 -2969 -2980 -2984 -2989 -3000 -3007 -3025 -3032 -3039 -3055 -3068 -3075 -3091 -3098 -3103 -3105 -3106 -3112 -3119 -3122 -3120 -3125 -3126 -3129 -3134 -3139 -3131 -3139 -3123 -3123 -3122
-2777 -2769 -2761 -2755 -2747 -2747 -2738 -2735 -2729 -2719 -2714 -2704 -2703 -2721 -2699 -2692 -2687 -2686 -2687 -2688 -2690 -2692 -2696 -2703 -2711 -2718 -2727 -2736 -2745 -2755 -2762 -2772 -2771 -2775 -2775 -2779 -2780 -2779 -2778 -2793 -2815 -2812 -2814 -2825 -2836 -2845 -2852 -2859 -2865 -2869 -2884 -2904 -2907 -2929 -2937 -2946 -2962 -2971 -2990 -2994 -2998 -3002 -3010 -3022 -3028 -3038 -3055 -3070 -3076 -3086 -3097 -3105 -3107 -3111 -3116 -3119 -3127 -3125 -3124 -3130 -3134 -3132 -3133 -3133 -3131 -3126 -3123 -3129
-2788 -2780 -2773 -2766 -2760 -2759 -2750 -2746 -2736 -2729 -2726 -2716 -2719 -2729 -2711 -2702 -2698 -2697 -2696 -2696 -2697 -2700 -2703 -2710 -2719 -2729 -2738 -2749 -2759 -2767 -2773 -2784 -2775 -2772 -2772 -2774 -2775 -2782 -2807 -2812 -2819 -2819 -2818 -2830 -2838 -2847 -2854 -2861 -2876 -2880 -2893 -2900 -2907 -2927 -2938 -2948 -2963 -2971 -2990 -2995 -3003 -3016 -3025 -3031 -3037 -3045 -3060 -3069 -3077 -3089 -3100 -3111 -3113 -3116 -3118 -3122 -3127 -3128 -3130 -3131 -3131 -3131 -3135 -3143 -3133 -3139 -3127 -3128
-2802 -2795 -2787 -2781 -2777 -2774 -2764 -2759 -2750 -2747 -2742 -2732 -2743 -2732 -2727 -2724 -2718 -2716 -2713 -2713 -2716 -2721 -2725 -2731 -2741 -2752 -2763 -2772 -2781 -2790 -2801 -2802 -2795 -2789 -2788 -2782 -2783 -2790 -2815 -2822 -2826 -2828 -2831 -2837 -2845 -2854 -2862 -2869 -2882 -2889 -2892 -2907 -2915 -2934 -2941 -2949 -2952 -2960 -2987 -2993 -3000 -3013 -3024 -3043 -3050 -3053 -3071 -3077 -3085 -3101 -3106 -3113 -3116 -3118 -3123 -3125 -3129 -3131 -3133 -3134 -3134 -3140 -3138 -3138 -3134 -3131 -3131 -3133
-2810 -2803 -2796 -2792 -2788 -2784 -2775 -2767 -2759 -2757 -2749 -2745 -2743 -2732 -2734 -2731 -2728 -2726 -2724 -2724 -2726 -2731 -2738 -2745 -2753 -2762 -2769 -2776 -2785 -2795 -2804 -2805 -2811 -2812 -2812 -2805 -2797 -2802 -2825 -2827 -2830 -2831 -2835 -2842 -2847 -2855 -2861 -2867 -2872 -2875 -2879 -2894 -2899 -2922 -2928 -2936 -2943 -2955 -2984 -2998 -3008 -3021 -3029 -3041 -3045 -3055 -3076 -3082 -3089 -3103 -3106 -3112 -3115 -3121 -3128 -3129 -3132 -3136 -3137 -3140 -3137 -3141 -3138 -3139 -3141 -3142 -3135 -3134
-2815 -2809 -2804 -2801 -2798 -2793 -2785 -2774 -2769 -2764 -2753 -2756 -2744 -2737 -2743 -2739 -2735 -2735 -2734 -2735 -2737 -2740 -2746 -2756 -2763 -2768 -2774 -2781 -2790 -2799 -2808 -2815 -2826 -2835 -2829 -2833 -2830 -2827 -2833 -2831 -2831 -2832 -2836 -2842 -2842 -2848 -2850 -2853 -2863 -2868 -2873 -2884 -2889 -2902 -2918 -2930 -2963 -2971 -2986 -3001 -3017 -3035 -3046 -3053 -3055 -3060 -3069 -3076 -3083 -3099 -3106 -3115 -3117 -3124 -3132 -3134 -3137 -3140 -3142 -3145 -3143 -3144 -3148 -3150 -3156 -3156 -3149 -3141
-2825 -2817 -2812 -2808 -2807 -2801 -2793 -2783 -2780 -2770 -2762 -2757 -2751 -2749 -2754 -2752 -2747 -2746 -2748 -2750 -2751 -2755 -2759 -2768 -2773 -2776 -2781 -2787 -2792 -2799 -2809 -2822 -2825 -2837 -2834 -2831 -2831 -2833 -2833 -2830 -2832 -2831 -2835 -2838 -2839 -2845 -2849 -2851 -2861 -2864 -2866 -2875 -2881 -2903 -2922 -2931 -2959 -2977 -2998 -3009 -3017 -3037 -3042 -3056 -3062 -3067 -3076 -3084 -3091 -3104 -3111 -3123 -3127 -3127 -3134 -3139 -3140 -3143 -3144 -3148 -3148 -3145 -3152 -3152 -3153 -3153 -3156 -3151
-2833 -2827 -2822 -2817 -2815 -2809 -2800 -2793 -2788 -2775 -2771 -2765 -2764 -2764 -2768 -2766 -2761 -2761 -2765 -2766 -2767 -2771 -2777 -2782 -2785 -2786 -2792 -2797 -2802 -2806 -2817 -2827 -2830 -2837 -2845 -2840 -2840 -2841 -2837 -2832 -2838 -2838 -2842 -2844 -2844 -2845 -2848 -2853 -2855 -2856 -2859 -2867 -2876 -2902 -2920 -2921 -2948 -2965 -2999 -3008 -3015 -3034 -3041 -3058 -3061 -3069 -3080 -3086 -3094 -3112 -3119 -3125 -3129 -3132 -3137 -3143 -3147 -3148 -3149 -3151 -3154 -3154 -3155 -3153 -3150 -3157 -3158 -3152
-2842 -2836 -2833 -2827 -2823 -2815 -2806 -2801 -2792 -2783 -2777 -2778 -2779 -2781 -2785 -2782 -2776 -2776 -2778 -2781 -2785 -2791 -2797 -2798 -2799 -2799 -2804 -2811 -2819 -2826 -2837 -2851 -2858 -2855 -2850 -2855 -2855 -2853 -2847 -2841 -2850 -2853 -2855 -2855 -2853 -2849 -2851 -2852 -2851 -2852 -2856 -2860 -2870 -2893 -2905 -2911 -2941 -2959 -3001 -3009 -3015 -3039 -3049 -3062 -3073 -3077 -3090 -3095 -3101 -3116 -3119 -3128 -3132 -3136 -3141 -3150 -3156 -3155 -3155 -3157 -3158 -3157 -3159 -3161 -3160 -3160 -3159 -3173
-2851 -2847 -2843 -2835 -2828 -2822 -2814 -2807 -2798 -2790 -2785 -2787 -2792 -2796 -2803 -2803 -2795 -2795 -2798 -2803 -2810 -2816 -2819 -2819 -2818 -2813 -2819 -2827 -2838 -2850 -2860 -2864 -2863 -2867 -2863 -2862 -2863 -2862 -2854 -2852 -2855 -2863 -2862 -2863 -2864 -2861 -2859 -2856 -2856 -2856 -2857 -2866 -2874 -2890 -2898 -2908 -2934 -2956 -2999 -3008 -3017 -3038 -3051 -3063 -3072 -3079 -3089 -3100 -3110 -3120 -3125 -3133 -3136 -3141 -3147 -3153 -3156 -3159 -3161 -3162 -3161 -3159 -3160 -3162 -3163 -3165 -3171 -3165
-2860 -2854 -2851 -2843 -2834 -2831 -2822 -2816 -2809 -2800 -2796 -2794 -2802 -2810 -2820 -2827 -2820 -2822 -2828 -2835 -2843 -2846 -2846 -2843 -2837 -2832 -2839 -2848 -2863 -2875 -2883 -2887 -2880 -2877 -2884 -2872 -2878 -2870 -2866 -2866 -2873 -2875 -2877 -2878 -2877 -2875 -2873 -2867 -2864 -2865 -2865 -2869 -2874 -2889 -2895 -2903 -2925 -2949 -2985 -3002 -3021 -3048 -3055 -3068 -3077 -3085 -3094 -3101 -3111 -3124 -3134 -3140 -3140 -3149 -3154 -3157 -3162 -3165 -3166 -3163 -3163 -3162 -3164 -3164 -3165 -3164 -3161 -3168
-2869 -2863 -2860 -2853 -2842 -2840 -2833 -2826 -2816 -2808 -2804 -2803 -2809 -2825 -2838 -2847 -2849 -2851 -2860 -2867 -2874 -2874 -2870 -2865 -2861 -2859 -2865 -2869 -2875 -2880 -2886 -2890 -2887 -2882 -2885 -2881 -2876 -2871 -2865 -2869 -2887 -2882 -2886 -2889 -2886 -2884 -2882 -2878 -2871 -2872 -2871 -2877 -2881 -2892 -2896 -2903 -2927 -2933 -2959 -2987 -3018 -3056 -3062 -3072 -3077 -3085 -3104 -3108 -3116 -3128 -3133 -3142 -3143 -3150 -3156 -3159 -3163 -3169 -3167 -3167 -3165 -3165 -3167 -3167 -3165 -3165 -3167 -3173
-2878 -2876 -2869 -2863 -2850 -2849 -2843 -2834 -2821 -2818 -2810 -2817 -2827 -2841 -2856 -2868 -2876 -2883 -2894 -2897 -2896 -2891 -2887 -2884 -2884 -2884 -2881 -2878 -2882 -2887 -2890 -2895 -2891 -2891 -2882 -2878 -2874 -2873 -2873 -2880 -2893 -2898 -2898 -2900 -2898 -2896 -2893 -2889 -2882 -2881 -2878 -2880 -2883 -2893 -2897 -2906 -2919 -2927 -2965 -2997 -3019 -3061 -3070 -3080 -3084 -3090 -3103 -3107 -3116 -3136 -3139 -3150 -3152 -3153 -3161 -3167 -3168 -3171 -3168 -3170 -3167 -3167 -3168 -3170 -3167 -3170 -3170 -3171
-2888 -2885 -2880 -2871 -2859 -2856 -2852 -2840 -2830 -2827 -2820 -2834 -2848 -2866 -2879 -2898 -2908 -2918 -2927 -2925 -2920 -2917 -2910 -2907 -2904 -2901 -2895 -2894 -2895 -2899 -2898 -2903 -2905 -2898 -2898 -2891 -2888 -2885 -2892 -2900 -2910 -2914 -2922 -2916 -2917 -2910 -2908 -2905 -2896 -2889 -2882 -2876 -2878 -2885 -2893 -2909 -2934 -2950 -2982 -2999 -3021 -3062 -3083 -3089 -3086 -3099 -3113 -3117 -3127 -3141 -3150 -3158 -3161 -3161 -3165 -3171 -3165 -3169 -3171 -3172 -3171 -3170 -3172 -3173 -3170 -3170 -3171 -3169
-2900 -2894 -2888 -2879 -2869 -2864 -2861 -2845 -2846 -2841 -2837 -2856 -2873 -2893 -2908 -2929 -2947 -2960 -2970 -2961 -2956 -2953 -2942 -2935 -2927 -2922 -2918 -2921 -2916 -2910 -2910 -2913 -2918 -2910 -2916 -2902 -2903 -2895 -2914 -2919 -2924 -2929 -2933 -2926 -2927 -2917 -2922 -2919 -2908 -2898 -2890 -2880 -2875 -2879 -2890 -2905 -2932 -2949 -2987 -3011 -3029 -3074 -3091 -3096 -3098 -3101 -3115 -3120 -3132 -3145 -3157 -3161 -3163 -3166 -3166 -3168 -3167 -3170 -3171 -3171 -3173 -3170 -3174 -3171 -3172 -3171 -3173 -3169
-2911 -2906 -2896 -2890 -2880 -2879 -2868 -2855 -2856 -2863 -2858 -2880 -2896 -2920 -2936 -2950 -2967 -2977 -2984 -2971 -2965 -2959 -2945 -2934 -2927 -2929 -2935 -2931 -2925 -2920 -2928 -2933 -2938 -2936 -2941 -2926 -2924 -2926 -2935 -2937 -2946 -2950 -2947 -2945 -2942 -2943 -2946 -2941 -2932 -2924 -2915 -2897 -2888 -2879 -2884 -2894 -2922 -2941 -3000 -3025 -3054 -3099 -3104 -3108 -3110 -3110 -3123 -3125 -3135 -3148 -3160 -3167 -3167 -3169 -3167 -3169 -3170 -3168 -3172 -3173 -3174 -3171 -3172 -3173 -3174 -3170 -3172 -3171
-2923 -2920 -2912 -2908 -2901 -2898 -2876 -2870 -2868 -2887 -2883 -2913 -2924 -2942 -2960 -2972 -2984 -2990 -2995 -2985 -2970 -2965 -2945 -2932 -2923 -2945 -2955 -2952 -2950 -2951 -2961 -2965 -2969 -2970 -2966 -2958 -2962 -2961 -2964 -2961 -2974 -2977 -2977 -2980 -2975 -2974 -2975 -2974 -2964 -2954 -2941 -2921 -2909 -2889 -2887 -2895 -2930 -2954 -3042 -3065 -3096 -3126 -3127 -3126 -3126 -3123 -3125 -3127 -3133 -3152 -3160 -3170 -3170 -3172 -3171 -3168 -3168 -3168 -3169 -3172 -3174 -3173 -3172 -3174 -3175 -3174 -3173 -3171
-2934 -2934 -2928 -2930 -2925 -2903 -2892 -2889 -2893 -2916 -2913 -2946 -2956 -2968 -2980 -2989 -2995 -2999 -3005 -2976 -2958 -2955 -2930 -2918 -2917 -2972 -2983 -2980 -2982 -2973 -2974 -2987 -2987 -2988 -2981 -2976 -2977 -2970 -2984 -2984 -2986 -2991 -2989 -2999 -3000 -2993 -2990 -2995 -2987 -2972 -2958 -2937 -2923 -2912 -2915 -2926 -2973 -2999 -3072 -3102 -3123 -3142 -3139 -3142 -3135 -3130 -3122 -3125 -3129 -3145 -3156 -3171 -3170 -3171 -3171 -3169 -3169 -3169 -3168 -3168 -3172 -3176 -3174 -3174 -3177 -3176 -3174 -3173
-2946 -2948 -2940 -2957 -2940 -2925 -2917 -2917 -2925 -2940 -2956 -2977 -2986 -2991 -2997 -3001 -3006 -3010 -3008 -2943 -2933 -2917 -2921 -2929 -2932 -3012 -3029 -3005 -3018 -2991 -2987 -3011 -3013 -3005 -3006 -2995 -2989 -2987 -3008 -3013 -3009 -3012 -3013 -3027 -3022 -3027 -3023 -3031 -3026 -3006 -2993 -2974 -2958 -2953 -2968 -2986 -3038 -3066 -3115 -3144 -3156 -3162 -3162 -3158 -3148 -3139 -3124 -3124 -3127 -3145 -3157 -3173 -3169 -3168 -3173 -3170 -3170 -3169 -3169 -3169 -3171 -3177 -3177 -3177 -3175 -3176 -3176 -3174
-2961 -2965 -2956 -2984 -2969 -2964 -2959 -2959 -2971 -2985 -3012 -3013 -3013 -3009 -3010 -3010 -3011 -3000 -2982 -2941 -2934 -2925 -2932 -2947 -2957 -3037 -3046 -3015 -3029 -3009 -3012 -3024 -3026 -3007 -3018 -3010 -3004 -2999 -3036 -3047 -3043 -3043 -3043 -3048 -3043 -3050 -3049 -3059 -3049 -3034 -3025 -3006 -2991 -2993 -3007 -3024 -3082 -3115 -3150 -3169 -3171 -3174 -3173 -3164 -3154 -3145 -3128 -3125 -3128 -3145 -3155 -3166 -3169 -3170 -3175 -3171 -3170 -3169 -3170 -3173 -3172 -3176 -3175 -3178 -3177 -3176 -3177 -3174
-2980 -2979 -2975 -3004 -3006 -3008 -3014 -3019 -3031 -3044 -3046 -3040 -3035 -3030 -3022 -3014 -3003 -2975 -2954 -2947 -2947 -2950 -2961 -2987 -3004 -3040 -3055 -3049 -3040 -3040 -3046 -3046 -3037 -3038 -3025 -3041 -3038 -3036 -3061 -3094 -3081 -3080 -3082 -3083 -3079 -3090 -3086 -3094 -3094 -3078 -3070 -3056 -3047 -3046 -3067 -3085 -3126 -3154 -3188 -3191 -3189 -3186 -3184 -3178 -3168 -3155 -3133 -3131 -3130 -3142 -3149 -3159 -3166 -3171 -3169 -3170 -3170 -3171 -3169 -3172 -3172 -3177 -3177 -3178 -3176 -3175 -3174 -3166
-2996 -3006 -3022 -3031 -3035 -3038 -3045 -3051 -3054 -3060 -3056 -3051 -3044 -3034 -3022 -3014 -3001 -2989 -2986 -2982 -2985 -2993 -3010 -3034 -3047 -3071 -3080 -3075 -3070 -3059 -3057 -3064 -3058 -3070 -3046 -3059 -3080 -3092 -3115 -3139 -3145 -3139 -3134 -3134 -3131 -3142 -3148 -3154 -3160 -3139 -3128 -3119 -3114 -3122 -3147 -3168 -3203 -3217 -3217 -3213 -3213 -3206 -3206 -3196 -3179 -3166 -3142 -3137 -3134 -3138 -3144 -3150 -3164 -3170 -3166 -3168 -3166 -3169 -3168 -3173 -3175 -3177 -3177 -3175 -3168 -3163 -3151 -3132
-3028 -3039 -3052 -3062 -3064 -3066 -3069 -3074 -3074 -3077 -3071 -3062 -3054 -3037 -3025 -3021 -3019 -3023 -3031 -3034 -3037 -3048 -3068 -3082 -3087 -3100 -3107 -3107 -3104 -3096 -3096 -3096 -3094 -3085 -3082 -3093 -3106 -3102 -3157 -3167 -3178 -3167 -3163 -3173 -3174 -3190 -3198 -3192 -3195 -3179 -3171 -3161 -3162 -3179 -3194 -3210 -3228 -3232 -3226 -3221 -3217 -3213 -3217 -3197 -3184 -3175 -3148 -3141 -3135 -3140 -3146 -3153 -3166 -3167 -3166 -3162 -3166 -3165 -3166 -3176 -3175 -3166 -3151 -3145 -3124 -3112 -3099 -3080
-3054 -3065 -3076 -3087 -3086 -3085 -3088 -3090 -3092 -3093 -3084 -3073 -3065 -3058 -3053 -3053 -3059 -3067 -3076 -3084 -3089 -3099 -3110 -3118 -3120 -3129 -3132 -3135 -3136 -3135 -3139 -3139 -3132 -3125 -3123 -3132 -3142 -3171 -3189 -3191 -3194 -3205 -3202 -3223 -3228 -3243 -3240 -3234 -3231 -3228 -3221 -3216 -3216 -3229 -3239 -3245 -3235 -3232 -3227 -3224 -3219 -3223 -3226 -3214 -3198 -3193 -3163 -3151 -3145 -3148 -3154 -3164 -3167 -3168 -3167 -3166 -3168 -3170 -3170 -3173 -3172 -3111 -3075 -3067 -3062 -3060 -3063 -3068
-3083 -3093 -3099 -3108 -3108 -3107 -3110 -3111 -3113 -3114 -3099 -3088 -3088 -3092 -3095 -3097 -3104 -3110 -3121 -3132 -3137 -3143 -3147 -3152 -3155 -3159 -3163 -3168 -3173 -3179 -3183 -3184 -3178 -3184 -3185 -3190 -3202 -3212 -3212 -3213 -3216 -3220 -3202 -3247 -3253 -3254 -3255 -3248 -3243 -3245 -3239 -3243 -3242 -3250 -3249 -3246 -3238 -3232 -3229 -3225 -3221 -3223 -3224 -3227 -3219 -3209 -3169 -3156 -3148 -3151 -3159 -3173 -3172 -3170 -3175 -3179 -3177 -3180 -3179 -3155 -3143 -3069 -3062 -3058 -3057 -3058 -3059 -3061
-3104 -3113 -3116 -3122 -3123 -3123 -3125 -3126 -3127 -3128 -3118 -3110 -3114 -3123 -3124 -3124 -3128 -3135 -3143 -3152 -3158 -3164 -3169 -3174 -3177 -3181 -3185 -3188 -3194 -3199 -3202 -3206 -3211 -3215 -3216 -3221 -3224 -3228 -3225 -3221 -3221 -3223 -3199 -3250 -3275 -3256 -3266 -3264 -3254 -3255 -3255 -3262 -3260 -3254 -3250 -3247 -3243 -3239 -3235 -3230 -3228 -3224 -3223 -3233 -3235 -3217 -3172 -3156 -3146 -3159 -3165 -3180 -3184 -3184 -3188 -3188 -3167 -3159 -3153 -3102 -3076 -3059 -3058 -3053 -3042 -3038 -3040 -3053
-3124 -3132 -3135 -3139 -3138 -3136 -3136 -3140 -3143 -3145 -3141 -3137 -3140 -3150 -3148 -3147 -3148 -3154 -3162 -3169 -3175 -3181 -3186 -3191 -3194 -3200 -3203 -3205 -3209 -3213 -3217 -3221 -3229 -3229 -3229 -3234 -3236 -3233 -3232 -3224 -3222 -3234 -3237 -3250 -3298 -3269 -3266 -3267 -3269 -3268 -3266 -3267 -3264 -3256 -3254 -3250 -3252 -3252 -3241 -3237 -3238 -3228 -3225 -3237 -3237 -3225 -3179 -3157 -3150 -3174 -3180 -3194 -3197 -3198 -3182 -3169 -3114 -3095 -3080 -3069 -3058 -3045 -3040 -3027 -3009 -3001 -3012 -3055
-3135 -3144 -3148 -3151 -3147 -3146 -3145 -3149 -3155 -3160 -3158 -3151 -3153 -3163 -3159 -3156 -3154 -3159 -3169 -3178 -3183 -3189 -3195 -3201 -3203 -3209 -3212 -3215 -3218 -3220 -3224 -3227 -3230 -3233 -3234 -3238 -3239 -3239 -3233 -3230 -3235 -3247 -3249 -3264 -3270 -3287 -3275 -3271 -3275 -3274 -3267 -3265 -3264 -3258 -3257 -3259 -3257 -3255 -3250 -3244 -3242 -3233 -3228 -3235 -3236 -3233 -3182 -3167 -3169 -3185 -3192 -3196 -3186 -3180 -3133 -3110 -3086 -3082 -3068 -3045 -3029 -3020 -3017 -3011 -3007 -3015 -3034 -3090
-3148 -3156 -3159 -3160 -3156 -3155 -3157 -3161 -3168 -3175 -3174 -3167 -3168 -3172 -3165 -3160 -3156 -3161 -3172 -3182 -3190 -3198 -3204 -3210 -3212 -3217 -3221 -3224 -3227 -3230 -3233 -3233 -3236 -3239 -3240 -3242 -3244 -3246 -3240 -3240 -3246 -3254 -3257 -3268 -3285 -3297 -3294 -3278 -3286 -3279 -3268 -3264 -3263 -3266 -3262 -3262 -3260 -3261 -3258 -3255 -3248 -3241 -3236 -3234 -3235 -3233 -3192 -3185 -3188 -3203 -3207 -3164 -3124 -3107 -3095 -3087 -3070 -3060 -3033 -2992 -2981 -2998 -3016 -3027 -3061 -3081 -3099 -3122
-3161 -3166 -3168 -3167 -3164 -3163 -3168 -3173 -3179 -3185 -3185 -3183 -3178 -3173 -3167 -3163 -3160 -3162 -3172 -3182 -3191 -3203 -3211 -3217 -3219 -3224 -3230 -3234 -3237 -3239 -3241 -3241 -3242 -3245 -3245 -3245 -3248 -3254 -3251 -3248 -3253 -3258 -3259 -3295 -3261 -3261 -3268 -3274 -3279 -3273 -3268 -3268 -3265 -3267 -3267 -3263 -3261 -3260 -3258 -3257 -3252 -3248 -3243 -3235 -3235 -3232 -3192 -3193 -3196 -3199 -3188 -3113 -3077 -3068 -3078 -3065 -3039 -3007 -2975 -2968 -2979 -3021 -3045 -3058 -3089 -3106 -3131 -3164
-3177 -3177 -3179 -3176 -3175 -3176 -3183 -3190 -3194 -3197 -3197 -3198 -3188 -3182 -3182 -3182 -3181 -3181 -3188 -3194 -3198 -3210 -3220 -3225 -3228 -3235 -3237 -3245 -3250 -3252 -3253 -3252 -3253 -3254 -3255 -3253 -3256 -3262 -3259 -3256 -3261 -3262 -3269 -3273 -3256 -3266 -3266 -3258 -3268 -3273 -3273 -3267 -3270 -3266 -3265 -3264 -3266 -3262 -3259 -3260 -3259 -3253 -3248 -3236 -3230 -3224 -3208 -3209 -3194 -3153 -3121 -3056 -3027 -3031 -3028 -3011 -2984 -2969 -2963 -2986 -3013 -3063 -3077 -3092 -3132 -3148 -3175 -3215
-3188 -3187 -3187 -3185 -3188 -3191 -3196 -3202 -3205 -3209 -3207 -3216 -3216 -3216 -3217 -3222 -3225 -3223 -3226 -3228 -3228 -3234 -3238 -3240 -3242 -3249 -3241 -3249 -3260 -3265 -3264 -3263 -3266 -3266 -3267 -3264 -3263 -3266 -3265 -3264 -3266 -3265 -3264 -3264 -3265 -3257 -3258 -3260 -3269 -3269 -3274 -3269 -3273 -3271 -3268 -3265 -3265 -3266 -3262 -3263 -3264 -3262 -3256 -3241 -3230 -3221 -3223 -3210 -3155 -3080 -3054 -3010 -2991 -2976 -2955 -2950 -2958 -2971 -2993 -3041 -3066 -3103 -3129 -3147 -3183 -3200 -3225 -3258
-3194 -3193 -3192 -3191 -3197 -3200 -3204 -3207 -3210 -3210 -3211 -3225 -3232 -3235 -3239 -3245 -3248 -3248 -3250 -3252 -3253 -3257 -3257 -3255 -3255 -3256 -3244 -3251 -3261 -3266 -3270 -3270 -3271 -3273 -3273 -3270 -3267 -3268 -3269 -3269 -3268 -3266 -3264 -3264 -3267 -3261 -3261 -3270 -3273 -3265 -3276 -3287 -3278 -3272 -3270 -3269 -3266 -3266 -3262 -3262 -3268 -3264 -3263 -3253 -3241 -3238 -3221 -3169 -3118 -3028 -2989 -2969 -2958 -2951 -2953 -2965 -2988 -3000 -3023 -3076 -3090 -3127 -3155 -3170 -3208 -3222 -3252 -3286
-3199 -3197 -3196 -3198 -3203 -3206 -3209 -3212 -3213 -3214 -3221 -3231 -3237 -3243 -3249 -3253 -3258 -3260 -3260 -3263 -3265 -3270 -3270 -3264 -3262 -3259 -3251 -3252 -3259 -3268 -3276 -3278 -3275 -3275 -3275 -3274 -3272 -3271 -3272 -3272 -3270 -3268 -3268 -3268 -3267 -3264 -3268 -3275 -3274 -3275 -3276 -3319 -3279 -3276 -3273 -3270 -3268 -3266 -3261 -3260 -3267 -3266 -3262 -3260 -3259 -3253 -3201 -3128 -3067 -2982 -2958 -2939 -2940 -2951 -2980 -3000 -3037 -3047 -3073 -3114 -3127 -3166 -3189 -3205 -3252 -3270 -3293 -3324
-3204 -3202 -3202 -3207 -3210 -3211 -3214 -3215 -3219 -3228 -3233 -3241 -3249 -3250 -3253 -3258 -3266 -3266 -3266 -3267 -3271 -3276 -3278 -3272 -3269 -3267 -3264 -3258 -3262 -3278 -3288 -3286 -3281 -3279 -3278 -3278 -3277 -3275 -3274 -3274 -3273 -3273 -3271 -3270 -3270 -3272 -3273 -3274 -3275 -3275 -3266 -3282 -3278 -3283 -3276 -3272 -3265 -3266 -3268 -3266 -3260 -3251 -3239 -3235 -3233 -3217 -3138 -3067 -3012 -2964 -2952 -2932 -2950 -2971 -3020 -3042 -3090 -3111 -3137 -3171 -3186 -3208 -3226 -3246 -3300 -3321 -3343 -3377
-3209 -3207 -3209 -3213 -3216 -3217 -3218 -3221 -3229 -3237 -3242 -3250 -3255 -3254 -3257 -3260 -3266 -3270 -3275 -3278 -3276 -3278 -3282 -3283 -3282 -3277 -3279 -3278 -3277 -3287 -3282 -3284 -3282 -3281 -3280 -3280 -3281 -3279 -3277 -3276 -3276 -3276 -3273 -3272 -3274 -3274 -3275 -3273 -3271 -3269 -3256 -3256 -3252 -3260 -3260 -3260 -3263 -3260 -3232 -3233 -3205 -3152 -3130 -3128 -3124 -3121 -3066 -3017 -2988 -2954 -2951 -2960 -2981 -3001 -3046 -3064 -3124 -3150 -3174 -3220 -3224 -3242 -3264 -3285 -3323 -3341 -3364 -3408
-3216 -3215 -3218 -3221 -3223 -3224 -3227 -3232 -3238 -3246 -3249 -3253 -3256 -3259 -3261 -3262 -3263 -3262 -3277 -3292 -3288 -3289 -3292 -3296 -3295 -3285 -3294 -3293 -3284 -3284 -3267 -3276 -3282 -3285 -3285 -3286 -3288 -3286 -3283 -3280 -3278 -3278 -3278 -3277 -3276 -3274 -3274 -3273 -3266 -3255 -3243 -3221 -3209 -3210 -3231 -3262 -3240 -3217 -3119 -3123 -3061 -3013 -3009 -3003 -3013 -3004 -2980 -2958 -2950 -2963 -2974 -3013 -3031 -3050 -3093 -3117 -3179 -3198 -3222 -3264 -3279 -3304 -3318 -3333 -3359 -3370 -3388 -3441
-3222 -3222 -3225 -3227 -3228 -3229 -3234 -3238 -3243 -3248 -3251 -3254 -3258 -3260 -3260 -3263 -3263 -3261 -3269 -3285 -3297 -3324 -3324 -3305 -3298 -3292 -3298 -3290 -3278 -3276 -3276 -3279 -3285 -3292 -3296 -3292 -3292 -3289 -3285 -3282 -3280 -3280 -3280 -3280 -3277 -3276 -3273 -3269 -3255 -3246 -3231 -3213 -3216 -3221 -3213 -3257 -3164 -3128 -3040 -3041 -3005 -2972 -2970 -2983 -2997 -2986 -2960 -2955 -2968 -2994 -3014 -3040 -3054 -3071 -3121 -3139 -3190 -3217 -3241 -3291 -3310 -3334 -3345 -3359 -3381 -3403 -3428 -3481
